100
-48815 1058 -27409 -10378 -41878 59510 -38663 13303 -37169 -48171 56813 -3269 -8625 -28028 -5180 -10862 11364 -10553 30068 -28484 25464 38566 -28459 -14710 4293 36271 -21992 -51338 49701 -3599 4643 1205 16157 2380 10648 -68256 -17878 -10006 -45689 -23524 11123 5404 -41912 34319 -8027 25489 -7183 21250 -39144 7175 13470 -1847 -1603 35166 -9834 15528 -5051 -657 22428 -79458 51941 -10312 39584 -16233 50922 -1144 9446 -37445 -7021 48375 -51912 9396 -12983 -34669 -19110 3091 -27127 56517 49529 -50601 32197 -21643 -63452 -46500 13945 6425 -41324 27726 -34949 19938 -6075 -3533 -19365 9251 -7553 8809 11346 -42681 24376 -22011 
5070 2967 9857 -14215 334 -31831 35385 -15829 -21535 -58564 86091 1752 -55476 -36231 16235 -65055 -3947 -27781 -23476 -82125 39677 9196 28868 -10104 22316 -582 -57720 -12724 55114 -65861 -45897 -19736 -51800 -28330 15050 47489 -54752 -34682 51269 -18154 27418 -77974 -33001 15783 50921 44514 18871 70027 28738 -16035 12113 27323 1693 -3756 6634 -37980 12491 -9295 8961 11278 2920 14734 -5385 -35448 391 8466 23550 -31475 7929 -3673 56341 11866 16989 -16087 22098 23749 -9580 56661 31181 -22594 39513 -15040 35755 33865 -6799 -5459 -1531 -15488 -26599 -11677 32204 2770 2284 -379 27016 58708 -47571 19022 -22158 1769 
2914 27937 -29723 77762 -31380 -28385 8197 -60758 59502 -25497 -25255 -27172 33909 40165 -76426 -4659 -1806 11722 17676 20934 -17538 24115 -1209 -55863 -10408 17204 56618 -22007 -65229 -72056 97882 -56138 74296 -14487 -11981 35669 -1889 22181 -1867 15662 20380 -44579 11423 -52597 -39170 -19068 3499 81224 22667 13644 28945 -17720 32990 -11239 -12782 -11504 -9527 -66647 -8139 -4454 22332 19040 -1845 -11459 -32556 18586 11875 -54672 15571 15448 -21421 23489 -22132 1781 -5512 -31321 33332 -21524 -28269 34364 -6146 -35362 64049 -14080 25847 -43902 34212 15274 16151 78129 16933 -8199 7437 -66743 23591 -68885 47247 88532 16685 17438 
-29118 -59739 -40081 -93434 -20866 7255 1383 3672 13912 -62662 43157 -58571 14083 -54273 -44534 16590 -10447 1623 9678 -43889 -31044 49145 14247 24333 26630 18618 12781 -53770 35670 35750 15411 18739 37093 7753 15036 -1775 -20891 -54252 -10482 -69001 -4383 -69168 -16928 -40129 -42128 -9429 6836 37401 13938 67620 12046 -22371 -1024 42256 -16965 -74265 67192 -5069 13592 48806 -13120 36079 39501 -50074 -31630 59307 -7655 -3746 -9166 14708 -7542 -42260 34558 -31261 11774 -66362 -6225 38276 24751 -17330 27425 -66493 4151 -36791 47564 25399 -30041 14951 5750 67692 47527 11945 -8227 -65879 -1765 27917 19653 14472 49931 -20208 
-3767 9959 -40613 -10803 5220 7144 -22911 21888 27216 44068 9786 25426 11997 -16297 -60813 12569 4058 16942 -38691 -5412 8338 -12044 -3388 -4379 -15152 34627 -28839 -29137 -430 -21966 -13331 762 8759 -49201 -2396 -51404 -6686 27846 -21676 66373 -100895 43580 -26922 36590 -11999 -8481 -28512 1333 -43689 -6585 64642 4506 20287 17341 -4388 -27499 -15874 7941 21893 17082 25393 35636 9864 3628 68372 -56612 31704 63742 14576 -38577 -7912 -10452 12121 49522 -23672 -51161 7238 -11423 31889 -18383 -51629 -738 -8787 -33015 -46009 -58912 27259 57479 7224 -58515 22260 23777 -12601 -27550 -18201 -24292 -5419 3149 3192 12456 
-49419 -30353 -33623 -38718 -11676 -34931 -6323 -16858 -5134 7093 -29102 -1847 16834 12052 -32060 -3976 -18300 -1313 42440 -59479 -32059 -18212 -14136 1255 -381 1285 -47187 2970 18194 -4483 41566 -25283 -79 683 12000 86290 3401 28030 6159 -9665 42140 -12410 3214 -55478 1931 9931 -49724 104492 52028 14783 -2994 -61577 73599 5263 28723 -10769 26909 28126 -45808 12223 72553 79732 22122 -6143 -66359 33993 -3461 30487 -41719 33057 4891 10929 -12377 21274 -39219 45949 -15328 55715 -74746 2321 -22391 -10612 45546 25350 67436 27482 873 26881 -62415 32323 -51260 11371 29676 12334 18452 17896 -16763 19392 6236 16836 
-8811 -3994 3227 -14659 -3436 -2193 -9246 -21429 -13133 9271 29388 50126 -43070 -22320 -38268 6983 48100 -40738 -50921 -5219 23520 682 26059 5427 15876 -40038 -164 -5809 -47982 8979 -47171 38372 -16154 -18073 35349 -30876 -13742 -16988 2469 23850 -25107 -43631 1235 -54274 56299 58792 4875 -48106 -30543 -593 -31979 4414 -6831 8169 21558 21845 -15028 -37112 -12096 53353 -44280 56516 11567 28737 -50693 30145 12843 41168 27563 -28983 -6538 48955 -12624 -14847 3412 25717 3615 27798 -6843 -7038 9559 -2490 5105 -6822 4609 -23012 -38049 -57892 -39034 -12099 40632 40756 -36783 49250 18613 -28291 53259 26559 -12386 -28002 
15428 -16010 -15900 -62650 37657 49865 -5047 3231 16760 -5085 -9406 346 28637 9000 15367 20455 -33846 44821 -6184 -41384 -25825 6912 -12626 -16834 14426 22726 -14224 5996 -16157 -4558 -17579 57389 3785 -7205 -32429 25726 46436 -1297 -39223 -5838 -27461 -32068 92517 33169 -39826 3754 8157 1396 18100 2251 29712 -6869 -3307 44973 -4006 18501 19983 20529 -716 16471 -8463 -47662 -15730 17229 11438 31949 79256 -29579 10563 24965 -8596 -71675 -58611 -2870 20168 -42778 -54185 -27697 10927 -25652 -14153 32145 23135 40042 44602 16564 -24180 -40279 -33051 -60453 -10741 -29488 16597 -12717 -710 23028 15856 19788 1487 -6672 
-35168 -40477 7390 3069 63002 11358 -17290 -23579 23964 -17096 16237 -37747 43927 16194 -7374 -1104 -3798 17257 9545 -21797 -20309 23264 -26920 -14837 -68447 -40191 -4351 11675 32061 46120 8684 -4363 8487 1988 1696 37490 -56548 -913 -28520 35336 -17052 -12264 -1531 18304 -26026 56016 43279 10005 -13494 -30298 56224 -7384 4613 -44690 4569 -1039 88476 6848 -11180 -10593 5154 11842 -23007 -29241 -31149 -258 -9767 23481 5117 -5809 1661 10129 18363 -12877 21820 29212 -3912 41280 13705 42597 -22129 28789 40866 -4037 -59133 -26519 -43542 -2541 -63687 52635 -20561 -1034 74957 12144 3833 560 2084 -42312 -37684 -48198 
-12300 -7843 52351 45823 1870 -30425 18516 38806 -18704 57201 42655 12983 -11782 -37982 -10843 35 21613 60963 -63753 10114 7843 80471 9854 -21491 -11999 -19296 34180 -54243 -11303 -24666 3295 8494 8538 19468 -18137 15977 -9373 825 8208 -2729 -3187 -13746 -28816 49351 4195 15933 -60940 -49722 9697 8184 -8053 12901 7556 -78722 2928 8868 30838 13406 26004 -9108 -35167 -13404 -4628 -86283 -8414 -351 25756 1319 -21526 -4088 37074 4664 -32443 26110 23242 -27668 56400 55561 24672 -14043 -13573 10710 -9362 -23802 37435 57784 35651 -53671 -9526 -34472 -1919 -64104 -20440 14106 34481 6475 34216 1778 -24594 35454 
-54170 12708 44662 -23622 -28243 -21363 2278 43803 -24118 -10535 36862 -4357 49666 23628 -40369 48898 1427 487 -28441 -30698 -4701 35235 -13345 -2972 3734 -901 3311 -74243 14848 42773 24586 48303 11208 -3530 46662 6111 5910 -9147 11379 -63101 3277 3742 24850 -30346 50285 -35040 10708 -23179 24734 54704 17351 -29223 37718 -68640 62607 9244 -12149 -17492 3826 -18206 -7659 24297 40918 58796 -2337 -12357 12774 13567 -37389 7562 -34040 -78087 -36743 -44026 -15663 -40058 36439 24874 18123 8800 21914 -42028 36486 -3733 24713 218 54887 -35329 -20091 -24578 48997 -15044 -28934 -34977 33905 -5710 37551 56741 28487 -35461 
-6346 -66364 3796 -21998 -22500 24238 -11087 44524 34588 32236 -15443 54294 9463 36428 21288 -117972 31011 18248 -38163 23129 -25362 -8554 51487 20434 -5842 6279 -35808 -31533 40395 26608 14800 29699 29709 -53322 -6170 -41864 29235 -26416 31768 13447 -20991 -7128 -41294 -11874 -12960 -31229 9407 15030 -13980 34427 -29613 -12990 -31804 109 28694 16997 47730 28344 -45662 34296 -24824 -41258 12931 -46525 -66266 -22611 -6836 26513 -17177 -58119 2541 12048 9891 3611 -9284 -16320 39927 24632 -26068 49779 16193 20563 10388 -31332 -17888 50616 -37005 32684 45420 -53547 -13838 28850 -1876 -62158 52816 -22209 -138 -4773 63118 -25249 
15501 37952 -11995 -30871 49891 -18522 -48037 19409 44098 -105 -19471 -79 -59090 -31287 57427 -41481 -26270 -15618 4373 3293 -19125 -43700 67096 -52452 -8889 74436 43494 22629 24415 16098 21705 80947 -15465 21520 -49497 -19031 23548 -20226 -28148 5011 2440 34080 17350 -14390 29780 16867 -3743 12407 45173 45365 -46703 23675 22621 -2895 -9709 -46473 -37689 70733 -13008 4004 14637 -20795 -13914 -3976 36240 21285 -50203 18700 -46384 -42535 12050 759 12507 -28538 12479 68747 1941 -2845 -29951 -7028 23597 62459 10484 87895 1492 -5655 -11498 -9706 56225 36651 -32016 -31504 31936 51197 13544 55594 -32884 -27044 6040 42549 
36838 -30500 -3115 21455 44221 65246 -44863 6882 -66092 26717 -14156 -11760 4391 18954 -15675 -34260 58129 8209 -8596 19028 34804 70618 11549 39973 -15920 8365 -53100 57689 404 18319 20487 3894 13409 34721 -32044 -35095 24578 37926 -4862 61310 28081 -15571 -14115 9243 15451 23268 47382 4396 1124 -20766 -28808 50694 38065 -40630 -11779 -14565 -14331 28999 -51453 -3853 11132 -3955 12855 10884 -22698 25480 -16374 -122 17527 -28779 -17458 43147 -35990 52533 -652 21692 19489 26704 -36748 13158 9607 28636 49400 42910 23963 -8946 19768 105416 -23532 30003 -3902 -31004 15507 16350 -13101 53437 40773 65690 -11234 80377 
-22855 -34597 -79119 -40100 34676 3252 -78927 -28324 7178 -45042 13953 -33591 12234 42767 -13270 4893 57266 8705 -25493 11406 40642 22751 -20595 3769 34817 4109 4058 -6218 79041 30093 2744 -33525 -3796 15948 -3684 16802 -7269 -36388 -22811 -3745 25404 -17152 7051 -12316 10056 2176 23519 57386 -13789 21625 74150 -46738 -3247 -24964 27062 -40309 19172 -28595 -22965 -15662 15114 33516 -17311 -9432 -69159 26352 -39462 7269 -27413 -35560 -29005 12388 -2271 -5001 46380 -35573 -18514 62042 -5804 -12252 -44485 2415 55995 -30370 62488 -7860 -18537 92506 -15110 9650 -8484 24677 6553 16546 15758 -50462 90596 2300 46132 -37763 
34708 -26810 -14380 9142 6724 -27466 -85055 -8727 24477 -28044 -39203 -5132 -29418 18415 47962 -65984 19213 -50653 21787 44973 81454 38877 12920 -42463 42331 -12726 -71384 12275 -13318 -22136 36877 -23258 27042 32482 -19509 44681 9614 -28169 6084 -25089 59558 41893 59657 45567 139 54131 -49819 -26292 14987 -4956 38501 28667 -7042 54186 -2553 56291 -26247 4411 -78272 -13022 -34060 -65322 -47991 1459 3370 40293 -62342 -18469 12511 -1192 -11931 48238 -13148 9340 17834 -2974 -19609 -40288 -52868 13951 59873 18180 48356 45347 -16776 28632 30996 46868 -3537 104134 -44024 30216 49907 33929 -4035 22129 -9340 17378 -37696 2830 
114963 -13276 34785 -42425 -17290 37176 -44298 33511 43147 -60675 20886 -41669 -44267 28442 4650 -7782 -15429 63561 -4493 18817 -24880 -59909 -67918 14930 -32261 35543 -18213 38054 19313 -6910 -87420 -57079 -20079 22796 -38600 -4181 -20577 -20538 -27687 23197 -4821 -3472 7409 -30508 -20901 -89 10790 -18216 -23576 51558 -64644 95561 -19098 -12646 -53984 33021 -27968 40618 -50441 39876 -4620 -55445 -1840 32530 -1844 -40958 -31970 -824 -8439 -15866 45694 -36045 -51658 -1957 44895 4593 9356 66298 -9256 -66994 37645 16901 26312 -11540 23092 15329 -53255 8067 68231 -31930 -33877 32434 -24248 -14971 -3905 1802 -2124 50384 2003 33275 
-14634 38457 33193 -3242 61792 -7601 35729 -10807 12698 3595 55232 6111 -6997 62700 53749 -59362 -9560 -41828 60327 -1834 -12463 -6480 10807 23794 55467 21420 -19867 -11694 46055 11122 -10071 -5438 -61244 -14731 -34133 14892 -26723 -21691 13634 14160 -6391 39514 4046 -19412 18670 7007 30267 23853 6156 -23223 -24374 2596 -22204 -46699 -46833 -14689 -77564 11775 34196 39497 -8891 38049 -39548 -29383 35775 -31613 -17118 -50382 -180 -18848 -21973 33362 32994 -13302 38403 51393 -73064 11174 19445 26555 42513 10274 815 -7109 19291 56907 1767 38859 8278 -43177 -26283 8581 -43944 12164 -11854 18865 -60465 -27263 32591 -14227 
1322 54417 20569 94759 5263 -24333 5987 -75767 32877 56352 -78278 -7909 1616 25293 -2369 33904 -68423 9788 40614 -76548 -3088 19192 -12958 -33634 -10102 28879 34674 3828 -18996 -29400 63645 -48023 6166 16998 -14005 32074 20690 49905 34111 18555 15013 40059 -1574 1907 2940 -25563 -56241 17590 36556 7325 -42854 37489 25773 -7874 15938 59584 7810 23230 30082 9620 11380 43220 -4611 -33620 -12121 36309 -27781 10707 -15374 -25704 417 50577 3702 -8632 -57061 -505 28794 77288 -48868 16144 -32940 9416 -9736 -39571 44682 12928 18583 -65463 -3493 21852 33015 14169 -28561 31216 70267 -32318 -18012 -346 -42655 6154 
30021 23341 -24 -26989 -50885 -1376 29445 6056 -81736 7137 70619 22079 -14584 -17826 29204 28050 -20360 -13327 8576 25140 -83578 -66265 -17905 16310 -67695 -396 2613 -44854 -37392 432 -38730 -37184 -66800 37642 -58496 12243 -38344 -13155 17497 60386 7747 -5795 -39304 -26233 47004 17689 10668 2235 -49524 -9046 -50662 -9356 -1786 35060 -4231 -49431 15593 -22858 18268 -7298 52561 14076 7081 33948 49368 -25261 -70478 -60433 25606 38243 2455 -1328 -8745 27461 17246 29477 -18832 45670 15202 -24377 40400 35041 -24879 -15871 -74103 -6522 -33386 21549 26113 11525 -1407 -455 25078 -27993 -11215 14727 3148 16064 9608 -2896 
12612 -9337 57447 -20743 25060 8127 30787 -24682 2956 47680 9800 1858 63765 -17477 24883 37050 13323 -8063 -27999 38009 -21779 31442 -46727 22623 -14085 51873 22080 1050 105 -30190 11569 63487 -29680 -34539 28279 -19301 -11458 50036 -22919 47106 -18930 -10478 9811 -3560 13431 3208 47779 6844 16808 20501 15810 -46210 14857 -75585 -12615 29739 13406 8442 -29271 33526 -16380 32799 -3979 1775 -18994 22949 37375 102508 -52719 -23819 -30527 57196 -21640 -26378 19085 6009 4716 -20205 -35179 -12746 -22996 -36899 -13142 -5329 13735 -44623 33814 77845 56322 67662 49135 35258 -9346 -29570 -84482 25091 22230 45800 68337 -17279 
10022 -36422 611 -51086 63896 50518 -58846 -33132 36519 9798 -19934 -4080 37633 -35387 74198 -65443 -53973 9958 3770 -21611 -19480 43372 24053 -39926 16978 -72430 -45018 -49912 21238 19519 7395 -17981 40201 -90897 29058 18760 76871 -23339 -13952 -533 -43466 24402 -18274 99352 -4101 -10615 -21445 25256 78770 -10468 14168 -65195 50760 16754 23405 58959 -16470 40840 -50322 110916 -44037 -52770 -18606 -28555 -57166 -34839 67570 20315 14175 4890 50178 -2881 -24146 59909 -13965 -12013 -56206 -8816 -14084 17468 35788 19059 38271 -3106 30063 -11732 8757 -5934 -27611 15789 -16463 31178 -1180 -69393 14554 -61416 17872 5648 11345 -20038 
29707 17795 54169 -60752 -44496 -33189 -69045 14925 31933 -25454 59840 -202 10810 -13705 -5858 -23998 15228 -11529 -47223 -15411 9011 -87875 -15999 6350 -33845 4352 -6862 -23604 41890 -7415 9855 3382 -25301 60982 -17086 4270 1403 -89399 -42018 -29880 48335 -7663 -823 -17826 19363 -36 -3626 -12384 -31703 -10214 -10891 -9197 21533 21799 -33348 47226 -3852 4892 -47539 4355 -8613 -33708 -46960 -2046 8660 28717 -24689 -10101 40354 -16515 19399 -37702 9357 -5421 7637 22618 -55596 35736 -8121 17883 54031 3105 4699 -43116 -49458 25609 5740 -59259 -30636 -25874 46079 -12560 64119 26298 26432 -3460 -4018 12011 1546 34825 
28818 35417 -25530 9300 14012 -43261 60876 -62656 -21825 8451 -15493 -24020 -27201 9733 27072 -87273 -31376 7656 8046 15580 -29566 -15818 4117 16413 31813 -31346 -81580 40176 -25460 -5176 -23369 -31642 -32581 -75655 14497 -761 -26872 -52793 18895 7034 -43339 50310 -25066 25115 -43283 26654 31096 -14604 -47229 -33653 30280 23940 -25435 38208 38618 -30691 8213 14716 38425 -41131 842 12696 24396 44847 9655 -27593 -44928 41386 -26423 -22406 -6176 59990 -9255 -9719 3641 20678 -34165 -17686 42523 -61886 5113 -5660 -38194 -81039 3403 5658 -51726 -39690 30632 13592 -22636 42228 14751 30647 46666 -40544 -19994 -39890 -30816 -14718 
67248 12806 15389 -39152 -26170 17016 2167 -12022 -56409 -11593 -18948 -5911 -62837 6142 16026 -57306 20446 53188 -35587 6245 2215 40321 20200 17758 33834 -23309 -32919 20995 -48137 16138 -64370 -13192 23298 32338 -7111 -4729 36014 -32993 -16550 4793 -9018 12844 6622 5539 -57233 27339 12777 929 42966 -39101 10860 33015 8086 -19198 -2029 8431 -25225 49908 -2604 11522 -9624 -69354 4405 32939 -32381 2512 -28050 14636 79993 33869 22292 -16688 4691 91025 30722 1083 5134 -17917 68696 3213 45903 48100 -21702 -12486 18761 -30435 28976 17498 -22016 22349 -16343 26724 -9189 -654 54839 4333 10277 -5504 23571 16839 
-56735 16143 -36622 14827 36171 3903 38317 25351 11307 -37871 17013 41394 27189 97816 16698 21904 -15158 24439 26642 9325 -31444 -87374 -32299 -19115 10551 -21082 698 -19283 2669 -8975 44547 37930 -52153 -34001 -94243 43719 23254 -1771 12287 10 22585 36915 50216 -10082 8481 -22337 16100 20798 -30069 -3850 -1334 -64846 18374 -23785 58194 3534 -30388 3683 -13185 -79729 16043 22240 44825 -9820 -19996 11224 -41013 16261 -28595 6469 -49401 -78581 -14099 -7353 20876 41139 10929 29154 -71220 63442 -34672 86879 -7453 -11037 -30239 56890 27106 11776 6530 -11423 50797 -30283 -34995 -1819 -11640 17633 -24063 8577 -25217 -22517 
58745 28234 15084 -20399 56247 -35550 -3799 -8985 39968 -46860 -6296 -12729 2944 34452 34102 -13348 -42497 5854 9328 41344 -13799 60316 -2272 37105 20533 6743 30589 68924 31749 -3724 26939 -49431 -42012 -16426 -33838 -66799 -45228 -15891 8023 15085 -1355 55002 -12040 -1826 -18560 24459 70996 -4033 -8474 -25789 -40451 -7533 -45088 12370 -28929 -25958 -44485 36047 -3337 -28615 -3342 684 -12338 -38131 2064 -38327 -14776 20327 -62770 -13942 -39177 31900 -43444 -2914 -22279 -37086 -42045 183 14656 -66875 -8250 -2489 13751 -32733 60421 1692 -16917 31684 9984 7875 -16343 1514 4432 11344 -40445 -26009 7568 27568 41041 -6873 
-31027 46217 30386 -12496 -16415 -21508 -46784 33088 30929 37300 -8462 10857 -46312 -39670 45202 12869 -50460 3119 20363 -40647 -14402 -13510 27407 -2006 -50364 -8691 -19698 22634 13467 52792 62441 -10454 9974 -4576 5328 -72097 33047 -275 -36420 3964 -7128 115548 -37075 2111 -6958 7937 20929 10784 15191 32847 -18492 66392 39558 -14981 24919 32310 20648 48799 -15585 -86532 20620 4638 4474 -22722 5053 -24797 15164 9149 -46 -9152 -25053 17631 8269 -36445 -29564 46537 -16168 66943 -20149 -24291 8735 3021 10273 2029 -33476 4576 -33468 -7253 18124 -4400 3900 47388 -42900 58972 64125 -47647 12766 -40346 -44520 -43133 
9406 87268 -6171 -47653 2148 -10237 14254 -32560 -18093 44314 -29424 3137 -57375 7931 46653 -62918 -40513 18118 -44591 -33440 -20803 25613 -29176 3528 6799 10962 -19471 -84920 23179 -29425 28001 17232 -47925 -40322 -9404 -20073 -15159 -12873 13270 -4069 -15581 52886 -55301 -11570 69081 -14903 -6244 37817 31571 -7770 79819 -24626 4174 7453 -5218 -9268 -22533 -2464 -84941 7281 -2300 22666 26140 -12788 8447 -6005 12190 70249 -13951 -11606 -4369 -6007 -4759 -9946 -16090 33915 -20611 39313 51932 10916 -45165 -9064 1999 -34610 63216 -26369 14231 898 86051 -3265 54087 18656 38335 -39759 17959 24836 -10983 20030 -42277 -91324 
17278 -63688 25425 -19700 28447 -10605 95413 -13890 -27532 -8210 -39965 45384 16409 32633 -28778 -61304 -13197 -56890 12541 37427 -7473 -15075 -13680 6485 -3816 -14764 -19987 23209 -38427 -101266 -4062 36383 18257 -36279 63414 15363 -20544 7899 -4467 11454 18185 2896 -53959 -10999 -11140 11001 -43979 -27396 -24194 -23752 -853 -13387 -46435 4709 29159 -9904 -4534 32827 -14276 33236 -16286 -4532 42825 4101 -8456 15018 9334 16155 35870 20950 -37125 -3741 23069 -3780 -6293 -25575 2014 16205 7183 26624 -10509 -17047 4549 32043 14026 -1490 34152 10778 41538 -41591 27054 -23499 -196 -45989 -28647 -11862 -15407 68387 35956 -19908 
-3568 -15934 20182 -7093 26113 31617 -16843 -8606 -12803 -30636 6511 -14343 17960 -10384 -53275 15993 -27379 12891 12633 39636 24542 -6025 -48531 -38463 34060 44668 -16219 18149 42485 -10621 48937 45665 -16114 -34637 -13177 43843 16086 -19124 -19024 -27027 -3838 -2519 72224 -22131 -23957 8759 -14943 63224 -27271 16875 17034 8834 65203 6461 -17526 -54348 25110 -7212 20376 -7115 34809 -23770 16841 -9914 3724 11320 -7157 43951 -45603 39564 -19186 41074 20758 -34393 3794 -12711 -28332 -1030 6277 -27450 -31254 12077 -26125 22035 5868 -3860 -9195 -22265 37416 1431 32190 -21212 1326 22753 -30541 -22356 52415 -30638 -44626 27932 
56846 -3486 -27792 13643 61926 26713 33073 19290 62829 1192 -45213 42852 -9657 -26255 38166 7510 -59333 -23819 -42194 -32074 -24901 18167 6925 -19060 54486 20367 -50577 50297 -12637 -79485 40795 28217 -16947 -34213 34390 -21652 25051 37382 42635 13828 -24719 -2160 -38864 59637 11738 32000 -5728 5093 27292 23037 -53671 71100 -26799 8179 -15217 -5189 3096 2201 7873 -61392 -27498 -18592 17467 -30684 21096 41447 7580 -181 37516 57200 24212 -15737 -12118 -26624 -100687 7054 19127 -28584 -18437 -35871 -35037 -24968 52314 3988 42160 30101 15062 12693 38716 17790 51485 -60169 5283 -5128 -55949 27329 10992 4453 12412 -15439 
2363 -39479 16279 -2978 -32074 -24186 -29943 51868 -10310 14682 24133 52518 -17656 -23255 -48988 -10438 46113 -34972 -9669 -14233 -17437 -28508 24435 -2982 -19663 39012 -60670 -45968 37459 -6885 -26417 23632 -27649 42568 -40879 23157 29937 45340 38161 56589 45932 -1001 -979 -64185 99474 71225 -27949 -3701 38823 57254 -18760 25909 -7239 -6510 61778 24046 -6519 23581 -43320 -14032 824 -3749 -4048 -47379 -48449 65772 -49421 -4328 -20382 15091 -19492 -1539 -25073 20710 -6733 34023 -21833 48447 -3584 34657 -47237 -12448 -53427 45720 -32443 4514 -24849 9891 -20409 23298 13071 34303 -7948 47517 -14041 -11339 -70834 -37178 -28795 -29059 
24759 -43199 26025 19019 -16507 25156 11344 -4343 17713 22714 -43852 -3878 -19498 -41368 8617 -42234 46928 -16400 17438 37870 49397 13722 65930 -41068 -15618 -55491 62591 -5387 -20848 17886 -18831 -19366 58458 -77305 42199 -4994 -23341 -25700 -19609 -31851 10155 -5463 -6579 12935 -42028 65663 -11024 -21487 -54270 56836 -35640 -45113 -21944 15067 40499 -2163 1536 -28005 -34068 12092 79526 7674 23074 3355 40053 -7029 17784 54309 8588 -24302 -99195 99897 15462 -17249 -21849 -41080 44656 -65004 41542 18246 -41166 -15766 -36400 -45998 33653 -51165 10202 -9304 -40498 -75839 -30694 13571 -44366 33755 -42987 -74787 -8359 9916 -25870 1579 
-44794 -27637 17499 26786 8271 -54288 52830 4653 -49021 4297 19277 -27350 2361 51262 34337 13330 888 -3472 25375 13867 -12752 23576 47734 5890 711 12455 40616 38517 -23406 20030 9178 26848 -2373 -54821 -8646 23564 38494 -5900 -49410 -20171 22495 48561 3543 34466 -22559 22720 2128 -70510 25501 -38459 66660 -23404 -19890 -98594 -45817 633 40258 60205 -4569 -22691 28464 21746 23180 -62888 -20882 18490 36181 -30434 730 -19759 -46775 -15105 37039 5140 7225 -16024 -1493 7526 -19811 -13036 -15445 -1976 -40732 12223 14204 7231 33251 -8983 -38511 7679 -2903 -47544 -20257 40737 8298 -617 -3089 -72094 -16982 -6232 
652 -42154 27706 73573 -25963 4509 8119 8870 -45676 1975 -10054 -1063 -10006 18448 -74509 11200 49039 22236 13864 22279 12432 -37210 12474 -2012 -58691 -6171 -39216 55772 -61911 -24027 -12879 38543 27352 -5112 -6569 -38491 12938 39974 -26390 -42126 -9614 9686 -20079 -88510 -42195 79448 -50397 -67261 -43208 -55297 -39493 59349 14394 12118 1954 55144 17690 10201 -7614 -14903 -32965 38690 83872 3154 -38126 16520 12068 -21335 -46028 10492 -6819 -3264 40852 3097 -21230 -34243 43549 40908 -33314 -32967 -34393 -48833 -237 7798 38837 14726 -21287 -43187 -43812 20402 13685 -23857 -77226 50098 -23904 -71869 37943 -29533 -30850 18073 
37392 19699 -52492 -15471 -21489 17522 -10132 -31498 -42220 37789 -36030 10960 -34406 -66300 25837 -70888 41068 -20988 -3572 -50949 23562 34352 54696 -4788 -14823 5087 -55785 -55317 -13621 -22443 22502 32284 -54901 11388 76737 -10547 -5355 39961 6595 21048 24160 20519 -50761 37916 40478 69287 1505 60753 40514 -32650 46619 -33843 2515 15110 20619 4029 3996 20332 -69189 13609 2702 23337 4446 -14473 -9471 70539 14850 5779 -34289 -27890 20908 21076 54979 56593 -41901 35622 4476 33050 -39524 54335 -26971 33174 -20387 -19433 -37694 313 23218 74178 26265 19855 -11597 24351 28787 32822 5082 -13474 -41225 -16036 30693 23422 
-977 44790 -34413 -47156 16059 13070 -41950 -13390 -30343 8027 -26236 11736 23631 69034 13407 35751 -11153 -30598 -28698 87964 4572 116 15008 3800 65649 19677 71598 -8604 2096 -3154 12836 10866 25073 -46691 1999 8563 34267 -53063 26279 -22104 43141 -26058 -3043 -20748 28909 23569 33253 15990 -22656 -29433 65055 -16958 10684 3360 -30421 -21973 -50289 -36930 -62983 13520 12227 -24301 -6222 65983 -40392 45073 33985 -36369 -25490 7669 39708 -21014 11756 -30010 -9424 -34872 65520 23701 -19915 -18006 29308 -36673 12826 10214 26750 -60655 3187 23219 -17971 -28294 -7871 -35764 34592 -14732 4818 19339 24936 24749 14363 -9524 
33131 18835 -8568 25597 8756 -2136 26814 16992 -3381 -9965 12536 33899 27817 -10065 -31886 20425 36902 11908 12920 451 -22613 -27740 -2260 -14681 13400 -70700 14982 17124 -44653 -18899 28021 -58924 32911 15296 -45250 -7760 -35288 30644 28671 30861 3819 -47363 29980 -10163 -34671 40365 19724 16669 -31414 9653 -13477 14519 -35099 20915 -64030 37812 7030 -15558 17911 37277 3846 4844 -44414 37563 -14883 -15179 9161 -36263 82174 10315 -4084 70060 29652 -25941 39689 68793 70867 20212 -35959 33527 13276 22679 60128 -1367 8566 -9828 14842 -20359 -33291 -13719 3186 10451 -34833 23342 -35529 -19156 14753 30011 -32577 21233 
71016 35869 10530 -34955 46964 -37195 -35380 -18599 10426 9626 32109 -18990 29602 42215 -9321 68672 -11620 56051 -5701 -24687 65141 24335 -42928 50755 -3744 17650 -2095 46646 63998 -188 31569 -24285 6682 -27146 -2597 65995 2987 -18599 20004 12605 5410 -44010 11029 44993 -18141 16222 37909 38883 -33395 -15320 80537 28253 69169 -54604 -47594 -56770 37015 -7872 33101 12501 33546 -25573 -81831 6752 9827 14527 -35225 8090 -6936 -24400 10408 -30125 -7561 32444 33401 -60407 9361 42895 50909 -12648 13194 17878 11176 -24571 -86630 15922 14940 35388 -29125 -62270 -3534 -36301 50475 -17804 9290 36719 -493 72057 7103 -3252 
-22173 66583 -3705 -1507 61394 13843 48795 31796 39899 13801 -20485 46369 -8784 35751 53236 -4972 5259 -29144 -20470 72041 12239 89843 49066 36771 39854 43473 2656 14742 -88851 -6675 58845 9638 4975 25010 -66479 -41916 17517 -17964 -48962 12773 9416 -20161 -11527 -9464 -9927 -39907 -20475 -11879 -16439 13525 16519 -9973 31711 -27705 19918 -2565 -56860 10419 79689 17905 25085 12955 -75957 -2680 9745 -9179 -16197 9344 -15720 -28546 -15271 20436 4146 9515 47916 -22892 -401 15973 23638 -7415 -4223 10449 -30296 3727 39668 51901 57203 37540 4782 3443 14478 -26670 -39845 -1884 -29274 -27908 75345 -10027 22715 48467 
18847 44813 37221 -19757 1161 -25320 -27133 -10635 -16469 37987 -52419 28489 77705 26429 15383 8548 9454 -44780 -33604 -27423 47987 -3600 -3017 33481 66315 42144 -3243 48404 -1975 26074 76504 44285 59976 -10657 57290 -25477 23531 -1142 3389 383 -27078 30805 10623 -50445 9325 -26141 7136 -28695 15314 -56965 -13797 -38672 32668 -1756 -22727 65470 56924 -4587 19553 25392 -23655 87752 -13494 3279 -48881 34493 2367 6806 -9389 -38941 -25206 69790 22778 -17209 -6565 -35441 15264 31269 -55493 -19836 5593 35595 36852 25061 55342 -22162 10757 -29845 -9902 4793 61757 5544 5681 482 40973 -8402 18999 72426 -33292 4590 
80694 -35996 -36440 47698 -46209 -23896 -55011 -24330 27307 -21093 10980 -5183 38889 44141 48201 -2858 35432 20423 24185 10170 19965 -5107 -7889 7245 -20200 -38341 20084 50568 -5765 21293 13734 -27935 8365 22395 16346 46146 -24639 -19805 -2531 -16301 43684 -22256 64919 45949 -63880 40553 19517 -28088 -13585 11579 10972 -25213 -22717 -22509 -31866 43053 22171 -29485 -26965 14270 22839 -7727 -102656 29111 -23820 -8983 -20299 -23433 -22032 -48297 22477 19046 -15231 52281 10974 -19500 32730 11040 -40209 4975 5260 64276 54276 -26839 -7111 45888 -7112 -26776 -36914 26384 -42808 7472 3409 -9049 -15311 -22274 3019 -39678 40223 -26273 
12457 58499 27462 -41146 -36125 14304 -24777 -22030 -38965 -35554 65158 5068 42371 -21324 -37445 37577 41040 2537 13913 -57916 15577 -10578 -22712 25346 15946 -25489 -30686 -50374 -3030 2696 -36945 9860 6550 15900 24276 -16803 14651 2652 -3931 -19144 -44106 34039 86293 -9596 -649 17379 -15685 -72364 -5611 9062 9139 -38878 43561 26012 9153 44438 -38216 -29695 33901 -7091 -11750 45056 -8805 90656 -26739 -19670 -77386 10727 39143 48091 -2260 -3086 15343 22275 2157 -2972 -1915 27344 44469 3452 16879 30335 -669 -14207 1915 -67020 -20572 -55737 -31583 -36826 16274 5224 -21028 -25882 -32037 -23012 -11727 7144 -51205 2289 
12236 36932 -38782 -49266 29718 12222 -41575 17140 42989 -8823 26131 19090 -39672 -25892 17828 -32894 -8353 -8624 36364 -24784 -24911 -70577 8033 17117 35672 28490 -3811 -36713 504 -12567 -64649 67872 -63321 41976 10209 23525 19217 -46791 26296 -370 -16366 -35243 -32206 21741 13214 -24582 29905 42683 -75043 34606 -3347 -9612 -1597 21440 9916 4023 -38324 -59699 19066 31849 -34819 14944 -21260 16811 60474 27064 -41240 5205 -4696 -13253 16388 -4665 -11538 -3797 16851 114205 -84946 -8502 -9027 -20765 8501 -3743 -20240 10745 -25909 48232 -19920 38544 30406 -12584 -19264 -10580 3888 -15766 -23297 7361 -104344 -26316 -17073 -24793 
24961 -36009 -27172 43306 8901 21368 23332 -4345 -21676 1693 -49928 4879 -96504 10060 15160 -30201 -9974 -10463 34999 -24580 85674 -8297 -2223 42986 -10407 -40900 -49204 32895 -9698 -44569 -31960 64069 -12128 -40609 -1165 -15367 12234 63312 8939 -29680 -10125 43370 -40284 28330 -29776 -51306 -29953 8214 -45145 45304 -6038 -19064 -6944 51530 11071 24891 -20484 47656 -44060 -31275 -21471 4865 52535 -17415 7263 -51149 -33002 12444 -29940 -5752 -18328 38882 7570 32165 -32296 29593 -49698 -3788 -40796 -13033 -22379 16924 -40498 -16498 34077 -9479 -53983 28705 43953 -11243 -24444 39900 -59844 17686 36823 47784 -14538 9302 -10516 -31481 
57595 -34534 39989 -10766 46372 24102 38535 -40895 -5063 21099 -36806 -33814 -6581 29042 47839 5395 -55141 30888 -13698 -2762 -44987 19405 12184 50184 -25617 -25265 -36686 66949 -3585 25876 -65748 4827 -33143 -5137 -460 55237 5943 12205 39994 15501 -30739 16258 24853 39125 -54053 -8234 19748 -6598 -24817 -11986 -29040 21500 -24470 -43847 -4989 29935 12612 47198 -9372 -16860 -55600 -44690 3533 43896 -15358 -22409 -8347 -49519 454 36150 47991 -85852 -4393 -2547 9924 27614 12404 -13346 -13133 -24421 -5980 -29281 -7122 -22277 8531 79591 -29870 20833 -35958 -47756 14286 -32153 -11342 51310 19518 1715 23123 17499 16269 -13474 
16187 -39254 -27225 -12236 -27791 6757 -21069 -11334 -32750 -45173 16102 42356 -42723 -37759 7212 -48308 47922 20463 -37095 20334 14568 -7902 19234 50431 -16494 -42561 -37371 -8299 -34349 774 6913 34911 -41464 25871 12299 -30001 13735 23938 -14012 -22000 4661 -34684 15366 10753 -276 -29303 11914 41410 -41538 57949 -10878 -28781 -78222 -12638 32410 -12859 41684 35704 -10836 -33830 17496 -49081 6689 15799 59814 35036 45512 23634 87991 24934 -27440 10662 10239 14731 4622 71207 -28545 -58509 -12816 5493 -50835 10507 -39603 -88421 -10012 -26002 12642 9284 18903 18 -6415 -4047 -6638 25186 -45403 -15494 32947 15622 60523 4780 
15383 27579 -872 51590 -18656 22207 15934 17674 -37104 -12023 -20583 1173 -11695 21275 53350 -24986 42474 27181 -53589 -35392 69826 -13755 -35151 -15597 -12636 -1688 -1989 -64513 -16681 -6137 -66982 -2474 -445 59264 7294 -36129 -39300 33263 37147 46920 24266 3347 7890 -12442 37299 -8265 -26972 47029 31873 -50672 -8824 24450 3550 -4009 -7563 -17483 40996 -76610 -22617 -30059 52838 -52075 1857 2401 30614 -15820 19149 -14343 11394 -47787 -48761 -21889 14527 -5017 10969 34378 6138 -97399 -32234 42187 -2890 49782 24948 17932 -21202 -9644 53678 60389 11596 -3214 -287 -38667 15563 -30182 -6604 38886 -58215 34277 -26299 22027 
27704 -8473 -15830 -33167 -35205 -69116 28165 19454 50938 -37854 -4368 -4756 -8547 -15834 -37962 37663 7899 62815 -49305 -52503 -23606 -82013 -7724 8940 -26856 -5230 -13127 17934 -48067 8013 -3849 -13900 -75361 19749 -10049 62288 68786 11394 992 22613 -5969 26030 -2128 31805 -12951 -90432 30608 56695 -24135 46173 -23455 -31858 10548 -40222 26863 7077 28059 18621 12784 -36424 -26062 -38017 10810 -5906 32889 -38114 4634 54149 85221 61342 49243 -58039 -8515 53408 -27886 44561 -20664 -63638 18371 11507 -63817 -11981 -20579 -60827 -38746 -24831 -25556 17114 -4950 12344 29301 8092 -16484 -50123 -10157 15835 29991 -9495 18517 43664 
49799 20257 -37872 2725 -29007 8137 -45703 -58830 49776 -11585 10726 -70166 -18278 -834 908 -9501 55855 15172 21904 29917 26773 -26557 19161 -17687 16187 -21059 26812 54633 -41292 26926 -46219 -21619 -1176 58609 -352 2780 4287 -34035 22774 16744 29180 -48677 18945 -16775 -19958 47174 39605 12519 -65314 65320 -39915 -45754 -30192 -5248 -2817 23628 -40834 -40080 -18165 -8276 -19633 -1121 -42798 34387 -23247 51121 -93476 7224 -37747 -39655 13479 25539 -60255 42939 -14875 -40868 -43474 -10789 -41985 -36136 -37141 -14729 31470 16964 -26258 46419 -32300 36087 -20280 40771 -58068 -6347 42245 19966 -40607 -26693 15206 -10600 31955 4298 
26023 -52463 7476 14259 30754 37059 -20605 18947 32043 -48581 -18654 -32953 -31568 11850 -19840 29544 -35081 -17469 27084 29857 80153 68538 -7213 -6459 25548 -19001 -52491 -5778 27355 -39893 2000 24138 25792 -45818 41533 27475 7481 28528 24357 -8364 -49020 -16996 20330 43834 -16495 -60 30418 -75651 -15559 13913 34538 24715 -36826 -4717 -44760 -34721 21480 17850 -15956 6011 -3761 8691 43011 -43858 1215 -34196 -35507 -10120 20539 24288 -24017 14109 -32826 -11043 12112 -10261 -24059 -16178 -3295 -30147 22363 -28737 -55731 -20369 18504 6417 42549 -5382 13671 64566 -3512 65391 -41994 -148 -5313 -14755 -16038 33928 -39791 9171 
-10264 -62523 -8338 14557 -19885 -16391 -46396 29847 -28806 3411 70854 -36551 -69319 26037 -21750 -14880 41291 60397 -13509 12477 14509 -4204 -3995 38109 -54244 25740 -60607 -2856 10206 23167 -19765 -61332 -13404 -33274 -44685 -38542 -15348 52594 -10189 24299 56638 -117 54105 -29690 -6798 13010 49009 -51924 -66600 -51496 4823 31927 -24069 -33131 -62174 48788 -1720 -39633 -48024 -6688 30575 -10106 50658 -50701 16412 -10920 -14571 -1793 24982 885 -16942 -26585 -34528 53177 -41450 3911 2334 -45447 -33045 -10920 -8156 -14726 13059 -24903 -54506 -2820 -681 45564 -2746 -31264 -30970 21429 24808 60776 -495 -23291 1187 37716 16962 5615 
-15087 11702 -13976 -16541 13086 45506 -9091 -90496 -71115 32951 25589 -23683 17226 -48930 -5758 -43039 -13395 -17482 15315 -1868 -27950 17787 -4457 16339 -1630 -4242 -61384 -36479 -36383 18145 17451 -23603 -14482 -47591 -5398 -19673 31974 -23935 -31100 25169 35284 40448 34764 46401 39541 19390 -15175 8450 3521 -17515 3601 -70695 -28731 575 19634 24030 -54159 11996 -1507 -32539 -7544 -18833 2681 -3539 -385 37668 35292 7936 -33063 -1787 40607 19395 67829 54673 -12024 15040 -14242 10774 9295 39870 -30499 8350 -47889 14722 31407 -12082 -8048 -18441 -28836 -7913 33051 -8193 2143 12044 -62716 4683 16568 -55572 34019 -12999 
-24066 8428 36483 -17319 -21811 -37733 76244 -8600 24964 -18336 -9486 690 -8982 -47638 -8464 -68464 -22336 -35837 -37296 -10763 -39314 25224 57297 20397 17914 -439 35944 36315 -1761 -55377 -31893 -8168 14035 15877 -12885 -46795 -28113 -15573 -31727 -21416 81823 -25023 -39669 -48814 11930 35699 4916 48150 30778 -31592 -33559 -33773 22067 -7852 12677 88465 -14031 12627 -54587 -10579 -28236 -36095 -3865 -58438 -55111 21996 50810 -29216 36224 41097 11508 8125 -23429 8925 -28798 27881 26770 -11841 -25806 -10195 -10838 -16681 40090 26441 64384 8695 -25042 72454 33860 31100 58 -20109 -8640 11840 25999 26385 20338 27006 42635 6585 
-21740 7099 -14464 39300 38902 -36931 -8827 2723 14661 37685 42985 -35093 -33200 19587 12222 -27359 25598 -43136 20355 21839 -25544 24044 11057 -20191 -8360 -16300 -16547 57052 -6980 -23105 -22792 -41495 72138 15752 25868 -2621 -12749 22621 -22211 94792 -14375 10997 -24839 35316 -22524 124407 15539 -38454 -22002 -96446 66947 1348 12000 -48331 -46792 68331 27669 30411 -33614 26004 69266 32135 -5805 32382 -15168 -7343 -50744 -13180 41045 42354 -38255 92379 -15959 -8974 -6634 -33183 -33975 -38902 4263 -15076 -28883 -14348 30231 18482 11049 -18646 2066 29955 -63883 -30998 -47206 9978 12183 16041 -371 -45625 -4691 -12118 -20061 -32263 
3940 18701 60836 -30049 38927 6881 7800 576 51367 -10429 -22912 -14912 18930 6861 35691 -11941 -30297 -30928 -20107 18400 -21373 -9682 -13322 30952 -21284 -9623 -34292 -5540 33735 9987 -26297 2893 -22415 24292 27076 -5405 3623 -55982 15011 -23290 -31733 34041 19715 -39416 -28800 8163 45152 -21955 -34971 10918 3266 -35669 -20220 21364 29984 17088 7695 18988 20860 12004 -107900 -21927 -19240 64471 -41485 -32680 -14506 50485 -44057 4581 52994 -9229 -16889 -38237 15537 17014 -20503 22655 -32290 9793 23290 -4192 -43766 -35237 -5111 56993 -6900 -35497 14896 45691 31089 -27827 11220 52537 -3692 26188 39288 -23191 -7875 -27920 
23126 -2968 -23140 20418 27626 11937 32856 -23569 1904 20944 -55995 19542 2260 -44726 18733 -21482 1500 -2360 -13898 -7514 -25867 -30459 -1724 -45363 26003 9652 31320 -19491 -9348 -8228 5577 -37048 26462 20999 -6964 -29644 30108 -231 36673 18371 3718 -13225 26438 12969 -6191 29804 -13892 40686 74934 -45663 -3242 -575 35320 -19777 -25489 57835 -1199 3001 -39640 46655 -8133 -25261 -21798 -31682 -1672 33305 -6957 11384 42764 9216 6586 5550 52606 -4124 48836 32818 39763 -18497 -24465 17839 11637 10568 29837 15346 18453 -10050 63292 40041 4084 -13239 37537 17087 2811 17579 -31307 -16808 -30385 -31340 -8862 23709 
10710 -11272 -429 22928 -29010 -24726 -27727 -697 24676 -23558 477 11765 -30005 2481 -29114 6388 -4016 35154 -22125 34407 14451 31922 -101998 -1785 -13052 -56852 -29455 -33074 67191 -93370 26412 -17262 -12675 -17094 6025 -18295 -58592 50027 -448 73660 -63988 202 -46207 51542 10583 -7793 -27512 -16127 -66894 -31227 38278 -27488 17365 23660 52439 -15300 -13968 -20008 12689 83574 13431 21690 -14614 -65654 27779 -89289 14022 47632 9943 -47296 24635 29249 -65338 26134 -16191 -45681 10284 -26294 -218 24752 -61395 730 18592 6234 -20804 -31531 43096 31937 1528 19345 2000 51512 -31655 -87280 2982 -30641 -64620 45854 -58669 -30604 
13921 -56998 7223 8546 -25814 -106425 1098 51162 8416 -9033 -42069 -62136 -33433 -8133 300 52273 4590 40668 -43588 24437 13929 21263 -37239 -15025 -64923 2187 7530 -10936 -26941 -5028 -40380 4978 9646 92237 32809 3798 -31232 944 -25158 62486 10080 14439 -1281 -33857 -80832 -12533 -11014 -44444 -66151 -30177 48245 -22903 9197 10110 18124 -6106 45105 -22031 21826 -26101 6369 -63127 -32948 -19711 1419 -24227 -73378 -20305 -7652 38957 -1771 -13733 -22059 8777 5603 -87805 41367 -8629 34846 -11510 -55121 -30030 -20981 -3479 -11585 -11030 37326 37140 19062 50758 56613 -26924 -51356 -1626 -23803 -27337 18836 -33531 -39106 -19787 
51406 43070 54755 -18944 -7508 -33072 56801 -51272 12041 2430 -46621 -19997 -23333 54009 11289 -29784 17265 -9337 -57906 -15652 20049 33055 52426 -25727 16463 41745 -36489 46178 -19878 -16179 -7149 -13567 -23597 2162 64400 27728 -3412 4911 -11974 -33384 -2992 -7789 -21331 -5622 -8140 8321 48621 -30593 68992 -59644 41859 -1708 -54415 1284 17085 32893 -35711 49520 -36125 -4465 -44656 -7152 7476 6504 30348 24972 49939 -21906 18906 -28464 -331 -36556 -23170 -204 -29142 1224 -28367 -34596 11676 -7158 25757 -22233 25552 -7382 106700 -7918 30844 8790 -5946 510 24936 -12280 5267 25457 33336 7643 -30634 6442 -3129 38568 
-44468 9928 20282 13966 1248 33059 19640 -1080 53303 -10796 -1994 48495 53596 18853 57529 8476 36681 -55063 65542 11488 -37949 -5144 2545 4475 -19483 23211 15195 -256 -2628 -44891 53456 82706 -4956 5298 -6109 -26846 19270 33741 -21628 11929 -7797 29270 -61680 -3291 73532 -45217 -42194 -11125 -3872 -20227 -31970 -52050 -5713 -19417 98221 15641 -51283 49902 71652 -4846 4458 31389 5548 29915 -311 -25391 23539 -22729 -18061 -25985 -26799 -61784 3426 -35683 -55649 -36487 -7709 -14821 -12587 32685 -417 51178 -9272 72344 -13377 33115 2728 32621 -7316 -43228 8003 -24087 -19719 -74769 1526 -58733 6652 -12056 72797 5752 
-43572 -8588 11273 -67194 -84380 -34969 29865 -10735 56513 -720 -54504 -35282 13605 4915 13679 9792 68208 37672 -34666 -69160 -12658 8821 34126 -939 -14730 32541 -2741 7690 14131 58677 -65435 -28717 12695 102572 34537 6164 2115 -8734 49723 62917 -9222 23604 56519 -17416 -74500 -55882 27324 43944 38626 -14893 49546 -31844 -35024 1222 4765 30383 4745 19958 -31191 -60604 -61945 -2739 -16223 53835 -7248 43377 -45571 43891 70140 75150 -25351 -65986 -20738 -32947 -15734 -23977 -16610 -18934 -8978 2506 -20120 17083 45720 -48599 47262 2279 49211 35877 -29632 -94504 -732 -56963 -4032 20730 38424 -24050 7113 -49565 27651 -50329 
-2797 -9853 38900 -42516 -40932 34152 -54036 5377 31153 -7279 -3675 14303 -40711 -22706 11107 52106 9506 -3920 -63420 -17477 16971 -77729 6297 -30106 41729 -8768 68802 -49650 67516 -47603 -12610 19539 27467 -62736 -1651 20234 68126 38801 -20022 -12274 -1004 -23342 -14128 27677 47040 -34355 -18803 -31732 18806 52014 52014 -163 19509 -8171 81410 -3677 16640 -18096 -71305 16233 17267 -47650 -12882 22060 -30147 -18293 78201 18916 18999 -32849 11680 -44957 44145 -24112 24851 -22425 9551 -8937 -27960 13287 -38276 -47834 -10853 49309 -31302 -32735 -1198 26773 15812 -17531 21051 48461 15626 31673 22120 -35794 12269 67087 -30592 -31646 
-25861 -11608 33777 43326 -19122 -54697 56859 1555 48962 9104 25217 -46949 13841 15025 39907 -10502 36881 29945 41046 -10076 -13071 39181 15644 -17274 -75641 -171 -35072 -714 -41472 12342 10696 -16638 -29704 14305 -10286 27371 -23927 -6309 -22066 39335 28661 36080 -9744 -6528 -16514 13328 16013 -4801 -3284 -41902 -5541 -36392 -55615 26130 67932 32814 -15304 73744 2819 8710 -68243 5144 -7578 -33702 1477 13000 9833 -20895 -18090 3900 13049 -69888 -5086 -558 -1027 -76527 -12595 28426 -13493 16779 -29923 22693 -24567 -10669 -26798 45885 818 4559 -2629 -24747 29715 -5944 -16736 -29739 48064 -17875 10695 669 56 -62621 
-29539 -11962 62545 -293 -83685 16511 32663 -2906 54468 54251 -19540 15040 1712 -45499 -104 1814 -8314 45430 57195 15580 -21123 -42781 16947 24432 -21621 -3953 42464 12546 -22730 48020 -29892 -38001 -24891 56356 -66740 2519 21903 2180 11389 23675 2979 37165 22904 -22264 -9632 -43416 -43827 -7968 42337 3856 -54498 5608 -11003 2685 23287 57956 -9118 30574 8221 30955 -4213 33343 -6360 -2848 -20509 3217 -18902 26455 -12858 -62573 21233 17332 -18020 42179 -41424 165 -10808 10733 -22085 62412 46794 20445 -11714 37060 -24636 52662 30861 31130 32972 -67772 -53660 4929 1720 9893 6393 3327 23959 -58731 65634 27199 
-36705 20138 -27450 -3681 111838 -3906 -37553 41509 -20563 -20045 39797 30488 -10215 34487 -9719 35514 -44934 -8663 -22612 12152 4469 -14695 17420 7599 -12612 -3475 14655 13139 51160 -28300 78108 51267 13913 -7276 21432 1959 -12561 -5964 -31351 -18417 -5721 20145 15095 23584 54541 -11517 40557 -25841 9294 -20787 6046 -14063 9296 -31528 -41467 7289 -66122 49408 -9061 -7724 -1128 -43983 14768 -44366 78220 -27580 50886 -61496 -35972 83896 28344 -11519 2618 -50998 54176 60340 1889 -28883 -29971 8068 -3732 52644 -16407 23191 82334 -13283 55628 -3377 57586 -13994 -17500 -66610 833 4709 17288 13266 10378 24200 4373 7576 
83358 -33118 -18210 15414 -23492 -5937 29990 -31436 -56365 -36557 -70082 -47596 -10738 -5059 -27869 9608 -36073 58795 32176 -18166 23712 -21959 6195 -6401 -12546 -30102 -26381 73874 18014 22913 -50743 -21748 42525 3134 61416 16689 50110 -34194 25598 47616 -52409 78023 -35033 107971 -102707 41115 25735 8194 17161 -40436 36325 -15156 3925 19508 -40 -20322 46194 36435 -44522 -54864 -22565 -35122 37453 -17765 4768 -13745 6634 -63289 20182 18457 -24520 -2585 -626 61087 8191 -6598 -30935 4904 -6251 -14619 11011 -92 -27890 -48510 7667 -18415 19515 6130 -75184 29302 12707 -13275 -66357 50264 30535 -51721 533 -24935 11321 11714 
12793 14392 9207 -30844 39380 -34524 -1573 37892 26250 -16428 43502 24361 25416 25190 -5581 10834 -367 18377 -12044 -3380 24639 -37295 -8438 27771 449 41913 18343 -27537 24911 9357 23900 3734 2503 -1798 10697 -10891 -36013 -37116 24753 12540 11898 39550 75343 -64456 53446 44315 20088 36296 -755 75000 22109 -24312 34781 -69763 -65247 -61099 -11771 -33849 14392 -59186 107338 56678 -17888 7127 8474 -37027 623 31760 -1773 38766 5378 12477 27378 -13614 14705 73689 39323 19002 23803 4695 -47205 38923 18686 15907 14448 -34005 9887 -5132 63816 -30741 -26032 25259 42803 6505 -33183 -63652 23947 10763 3300 -357 
-3706 431 -51222 -28842 9335 32404 19306 4431 -17061 -8049 44061 43476 -21812 3549 13696 -9196 73688 1733 -37769 -537 -1568 -39305 3163 -12815 106253 -263 18642 -44067 8515 -69682 -2270 47006 -6168 -41589 2148 -31534 38031 -2137 1727 -20283 -34197 -81039 13031 26093 -1724 -1639 -6505 -11060 12415 65272 17030 -348 9781 -13224 -42055 -47672 -44452 10738 28138 -36806 -62992 12187 26610 13350 -7160 -17226 4142 -20329 -9739 9727 22659 -1043 17931 -47331 41506 -11152 36870 35480 27554 -18874 48137 50707 19225 18809 37227 6572 7759 15308 39423 -18047 24225 18638 7690 -23170 39274 17242 9634 -36676 7024 -17213 
-16566 -7074 -49223 5323 56050 8642 -702 14549 14419 8049 -19188 55585 -24410 24935 -23349 -23157 -32405 -44429 16407 -7395 1832 -5542 49758 -36882 -6126 27839 -66528 55934 1406 -14361 7675 21130 25978 -70836 9480 6209 -3813 27605 -16407 -5394 -15710 39596 14125 -15951 4377 54072 -10824 30937 -9040 -24965 34775 46290 10200 6829 -13357 73809 28559 59295 -37347 -34872 2489 35642 61580 -20655 2230 -16972 40172 17586 638 26049 -26343 -1656 30196 -37719 61990 61601 50307 33284 -44165 -73727 3168 11371 -82879 -23342 -7021 3462 -18810 25630 -15521 -12718 -15977 36848 33975 32154 28245 -4776 -40851 -14814 -27578 -72882 
15908 -44024 20435 -8190 -11912 19019 11841 -21064 3256 -53763 33694 -14983 3654 -13079 -18552 -63348 19733 14095 3696 -27143 -42056 -44277 21645 -9927 8097 -91519 -66059 49784 5633 79167 -15052 30809 -38934 -23216 7149 19138 -3849 -30694 27757 20679 -382 44323 -5827 15798 -39606 6725 53128 46721 -26791 30484 -69703 -26713 -65702 -19934 -12365 334 -31510 51561 -51954 197 -26882 10964 39432 -44514 -4424 7720 -6374 46697 45419 53943 -23756 10252 6394 -17252 -21498 66210 -93324 11666 -23099 -33132 -4667 -17108 4450 -19876 80082 19925 -68726 29701 -7514 -8034 -73615 -7220 -29243 16520 13373 -18492 -5778 -23418 2052 -11318 
-13926 -5641 -12880 -4230 52729 29689 -12621 -58 52466 13924 -26915 -21907 33413 10975 2437 26289 -6975 -6704 -29812 -45551 53429 29666 29465 8563 -2623 -23234 -2860 21665 -62808 64327 23842 42485 47134 23941 -25069 34514 -43768 28302 66701 6704 -5696 41202 16689 -36190 -13706 -13970 30192 47695 -21441 33640 -62400 18844 55901 22636 7434 11937 -29955 -17414 18601 31724 36120 7336 -6743 35368 41347 49821 -17704 57469 37654 39497 -9381 15883 32782 -23440 -4662 20962 17121 -59866 18238 -1613 -51628 47781 42701 -28938 25039 3385 11782 4528 -50324 -18361 16304 -4224 52747 -57332 4652 -23736 25841 85471 -49826 4123 
5275 -13566 23043 -34280 55928 -11988 50188 55050 -43619 -11534 13033 -20841 38432 26089 -24290 13887 -48930 22917 18574 15622 -52478 -3666 18508 67259 63027 -14716 -10182 29045 -5716 -35389 2552 -63610 443 -28765 32794 -17163 36636 -6503 -23402 29888 537 -29738 -32991 42745 -40168 -65351 42338 -7222 -17110 -63567 -31795 -25575 49298 -50346 -29565 59042 18121 30172 52821 -11517 -13458 6752 1251 -8784 -24168 -54596 47882 -49303 -1845 37389 48437 20606 -6621 25990 -38218 -27217 -97157 -54004 4947 -32019 7143 -38262 2016 28242 -9003 36573 -19468 -14085 -4310 -24436 -32929 -18066 -30694 53104 26969 -79687 43757 -4472 40965 23841 
-6435 -4890 40905 -59174 52978 1824 -3788 2321 -33456 34430 39628 33770 -13486 43516 -10003 -5236 -45409 85388 -18759 2822 -7340 -24128 -2924 12865 -43576 -71721 -62286 -1922 76033 60913 -12742 -13781 -22269 -53874 -53717 54290 4200 50969 -33815 -17850 -28992 -2897 6623 46714 -6418 -9122 -23478 -21642 -6008 25322 -10009 -28518 -8292 -66547 35742 3658 -18297 24152 26114 -26284 -36119 -28301 25836 -14661 -28073 -29120 45326 45760 -16686 9895 -8910 -51749 17926 47109 -14986 12397 -7625 56163 33129 40183 -86360 14621 -39360 -11027 -10513 22264 -14357 -48189 -18989 3022 -45945 -112 15481 69275 19136 1097 4549 8981 -9748 -19959 
-85905 54422 38791 -25964 -35177 42835 18711 -12142 -9685 43199 -18818 24663 30126 2865 54717 38553 6132 -31380 9272 -58506 12915 29188 15553 27377 -580 -41288 16070 -14861 -8682 92730 -21145 15057 -32935 7987 1877 21945 18340 -17176 19254 -28988 317 42010 -8575 16795 73916 -65377 -997 -11378 35519 -3505 -24686 -66504 -15314 13247 87843 -1434 -36615 20190 -12110 51682 -25526 12676 -43886 57061 1100 -19742 35876 12942 45089 3839 8064 -22416 -20372 -1656 22361 -70 -3586 -44469 20028 9605 9414 27394 -11538 43217 23899 19701 -12878 8039 -3626 -59930 -46944 10116 -19087 -30584 20410 66484 -8538 -459 -35043 30948 
1851 -41739 53156 11684 -12794 -1355 597 35350 17754 -29064 31986 -42853 -75292 44464 19013 -74962 30984 16571 -907 35957 -19602 17997 14725 57495 -56899 -65366 -96921 14631 4462 49017 -76327 -18636 -7769 39093 -19683 -48504 6778 -11728 -41504 -36923 588 10420 -17897 -23786 -4073 59223 38614 -32398 -81841 -25897 -25328 -2639 -31156 -21266 75128 46878 -40215 27934 -28564 61195 -5169 -11345 20859 22460 -13571 -27710 -15974 3395 25516 -53035 9313 18879 -29192 49955 16524 24756 -541 -37393 -5550 93359 16589 36566 10118 -58102 -23806 84967 -66917 -2428 -39864 -73218 -7421 -6919 -16255 27734 13167 -26673 19256 -19858 44598 4690 
8901 -79150 42431 10201 -20674 -49887 29837 40117 14202 -76923 63140 -17462 62826 96866 -22689 -88156 61213 -31674 61459 -7897 -48857 -26405 -42654 -19600 -23514 63909 -22663 13739 40103 30352 13672 15703 -30341 -2043 -30306 49053 -28672 -28847 3461 22755 56786 26471 43365 -75215 -42461 -13031 4771 11931 -43414 30672 -52381 -40642 -3211 -2470 -898 20080 -42338 43566 11570 74820 -10846 -20863 -3491 -18584 -37331 20568 -77416 5462 -23096 15505 -26710 -11060 -68516 -7543 42181 -5989 -28160 70335 -35591 28020 42273 32612 5909 -5397 10926 43341 -48282 32858 27956 6914 -30697 1314 -82096 -46674 14320 48919 -39462 14272 8718 35081 
-15377 17041 -22179 18841 -4413 -9674 -23114 -39096 -46616 31534 -51881 -29167 9344 4301 -18865 -10197 -21194 5421 43704 -8727 -38136 31366 -27207 -3151 -1302 -3705 9481 -62564 -39361 17969 -30008 -14492 55128 27474 19055 -15583 11631 -22883 -38964 -18710 -12037 -13373 -26870 23629 104496 -2207 -45105 -51804 33937 -18526 35633 59301 -5931 -17154 23045 -17368 -13473 -18003 -9525 3808 20412 3601 -2312 32681 7006 25507 -582 -30926 -17279 9971 5714 -16300 22005 23700 36471 -5640 71352 -16905 16658 -37389 -24526 -45531 4897 2204 58712 -25903 5669 -67349 9815 1038 -16505 -18206 -1165 -40067 4103 -31248 -245 -29700 22724 18895 
-28462 -52577 -41652 -7045 18486 -22721 9037 -31409 2626 12949 -3207 -40606 54818 28660 6812 57606 -666 -62408 8802 -27411 -11813 39344 -18134 20252 -49994 9675 -79549 4652 -26230 8620 27826 -11954 -17765 -41271 34846 54564 19978 35961 -13708 36618 18064 17907 -43177 19663 20539 -9437 29830 25053 9302 10005 29753 -10237 32263 -10759 -14988 -48955 4667 -17395 -14719 -4989 -14026 55061 5782 -42383 -30713 15956 -24866 6240 -18790 9160 -36277 -5128 -42073 12911 -21919 -31466 -30168 20101 -13222 1646 -5792 -6064 -27813 -67333 -12644 -17990 -19296 -13849 -74763 29556 62837 29772 -25542 -74787 -14613 2917 -2081 29566 51560 -31196 
-29433 -28954 -4657 -46631 24256 18181 15554 58547 23053 2774 47116 -7912 1948 -22428 23176 15690 -134 11828 7325 -1011 -64473 8559 24924 24142 -16759 -27814 -13827 16197 55865 -62177 11298 6633 -27233 -19367 29079 -27400 11914 14088 -31829 33010 29346 -32428 -31631 8811 56648 32250 53435 -65571 20690 50084 -24036 25329 -37444 -85126 39870 -14068 -59518 4994 2480 -856 4628 14085 -13817 -14 -57391 12922 -18851 457 -29597 -24951 -27954 -13816 -24454 -503 -48836 6694 36229 -4995 -21947 25471 805 -27753 -5181 66486 -8411 -9076 -6490 7282 25005 -4199 -6733 861 -19077 10193 -52415 -28320 -1476 -16228 65496 -17655 
-21497 2696 5707 340 60743 -30010 -65591 39009 103686 -39403 -7812 -42557 45072 -17717 25229 -37666 -19361 -28405 24735 16229 43061 46478 -35849 16534 -17586 -11919 -28847 -42501 67146 21571 -59687 -111833 24831 -12164 26878 -49194 -15206 -1926 -50049 -1202 14793 -23335 -42706 14226 14234 -18069 -29068 34199 -27550 15342 16222 -9198 58760 14912 27931 20267 16716 -44682 41571 -24178 2701 -893 -41391 -12187 -28749 -63987 -8973 8200 -38052 -27413 13942 -7970 -44666 -17041 -26428 -44439 28378 31809 19946 -24497 37466 -3340 25756 6986 -8598 11573 -79534 38610 -44562 -30791 -32935 -52528 32550 -45140 5358 47315 -38299 10749 1806 -41157 
37573 10562 14481 -683 13752 54980 -50645 2631 -9314 -3250 -8853 -46346 8981 -19553 -10612 28290 -17588 -11230 344 448 1861 43526 9062 14227 -54994 -3733 -11711 -54807 -63864 34498 4822 40492 23431 -36102 13470 -42793 18521 -26676 7579 -26473 -16477 25464 -37825 -32098 28900 38831 58997 -28200 -57527 1212 -33403 12799 715 39918 -21712 -5197 11811 16014 -37382 47317 -12880 -98628 -54386 29289 31459 -25379 -18153 -4485 26930 16873 -18971 -12556 -22831 -31043 110075 54916 84673 -15656 38344 -89552 19256 -15860 -24677 -55652 31194 -5741 -17762 -12240 -43095 1548 16600 -47125 11270 -40536 -62710 -26619 44480 40611 -38811 -26007 
-35429 -37171 52925 -13483 -33712 -42186 -34243 41525 37525 -39585 39094 23445 -18057 -24230 -11884 -11987 10325 42449 -26558 -25461 52699 86807 35560 -793 -42245 -14246 12486 9763 101078 -6533 -28492 17410 -42204 11396 -14869 -15784 -56034 -4612 47289 4342 26774 1614 -8067 14718 19203 2279 -7100 -17408 -185 43267 -514 66734 25431 -14192 36828 -690 -32090 -18197 -5716 -68982 3975 27566 -15765 -63884 -20234 41334 -40502 54923 -32837 20454 -56070 -29049 -17018 7646 -40433 1101 -16011 72472 8404 -52658 48112 6549 49446 20463 -31180 -17443 41488 46376 7099 -16660 -36369 -54035 7425 31888 39416 -12816 11098 21012 64259 -48155 
5943 82868 26175 -66004 -24881 -16321 -502 -40480 47755 20985 -40499 5962 -19146 -2787 655 16325 -47874 -54040 25826 -16683 -96515 -27345 77995 -16495 -17298 6546 28286 -266 -87846 692 -4948 -25670 -39870 -28886 -3557 109063 16699 -51444 -41069 -82595 1710 65055 -16807 14876 46276 11518 -40708 5332 27558 6566 -37719 15541 21184 15030 31181 20883 -37099 62551 -38963 5986 17992 36088 46987 79254 99943 -19838 49127 42917 1850 17386 13317 -23571 -12926 -8576 4451 30826 -15467 -8490 66840 -34118 -3655 -42482 -16880 -28019 23831 56688 -34033 -92571 -52453 -18434 -5321 -24302 5467 -20189 -12132 33097 17303 -384 -13007 32191 
-3313 -85213 -23295 -19454 31120 42172 9793 39800 -29109 1024 56618 32683 16578 30518 -1124 31347 5717 30051 31850 -57346 284 -3732 -41046 36366 -4045 -28619 -48164 -4597 -29975 -2237 19186 48890 -17134 -16766 7780 3276 25500 37657 14055 -12222 30414 -74656 47947 -37398 -25422 -977 25145 -11083 -24285 33749 -39282 -5150 -54225 -21030 -8118 40546 41918 22497 7208 25003 -10999 5466 6786 -95 -77264 31286 37346 -23621 2400 -17073 -691 -61904 11515 13270 -22199 27552 19390 31596 -45466 39703 61936 4850 16900 7990 -36503 19849 -21854 -5805 -56801 -28659 -32290 26425 -6775 -11975 -19042 42672 -13601 30150 18527 -33614 
-32615 16169 -92875 8075 -529 83934 -17989 -15895 -35506 21449 -31963 53433 -29325 10318 16675 58643 -877 66308 4788 40224 -18145 -5318 41185 -21240 42860 -16926 38500 -9194 -83967 -541 -9907 -5744 -13425 -6371 -43750 -40482 23877 63139 121 31239 -30931 -81132 40342 5163 -34030 -2396 8957 14159 -20307 -9252 22535 15495 -49928 6594 -4408 30624 -19515 239 13571 1085 67428 46341 44699 36527 4306 33256 58014 18106 48158 8720 -421 -13165 41146 20375 -6160 80530 36919 -66153 -4593 14911 -9964 7493 -62208 -52892 -62202 -25524 -10220 -16246 -13954 2147 -13786 21200 27447 88746 -50878 -37887 -910 -50207 12945 -19340 
-51053 -3045 -35219 25179 3394 -47041 -9691 21166 -33763 -27097 37644 44404 1143 25253 -18779 41303 20027 935 17067 6211 -22653 5419 7870 -17296 -698 -20910 5120 -4862 -11971 -30864 41885 -6299 -45224 -55543 2070 16214 18179 40231 31012 12289 54024 -56556 -1765 10187 49867 19568 -737 -20005 -2518 1759 -14581 47448 -15965 -14594 39547 -45392 -40401 -85400 27163 -22847 33719 17634 12380 -33711 150 29442 -10319 -3622 -24724 29460 -59165 190 -51233 -40084 -25886 -7914 29687 37913 42750 -7734 -17098 -70533 40400 54031 -14637 -46165 15262 -14526 -20524 1114 -31319 -29665 -55834 -18522 -44629 -43493 -37609 -14827 8001 -21055 
-38232 -13906 45503 -40524 -59705 -10699 -33757 7301 9866 -37548 -12672 -39942 -30403 -24264 50628 -10397 -19166 66409 926 -41327 69323 16044 -10407 -62725 -14272 -33003 -4266 -73292 78534 49125 -49316 18120 14753 -28059 -11113 -24323 18246 1171 -13591 -13650 -44522 41984 -247 42347 -1470 13226 -44915 -18861 32841 43876 31244 10928 -11624 27328 12843 -56188 -41670 11458 -24353 -26975 19259 -21187 13706 35951 30403 -2806 -46871 29227 11859 -7299 8204 -50545 23720 30710 -3572 -83094 12327 57194 44495 -11780 -1588 28347 -4029 12313 -31668 -14453 10534 -10869 29812 -19218 50364 -37776 68627 20318 -25444 28951 33478 -407 -36636 -17498 
1391 -6964 34542 30260 -38834 -2587 -96969 -30750 50226 -25886 17144 -25661 -17779 9337 18330 -20846 24187 47209 10902 -31219 31169 -2705 36615 -4696 -6644 -30489 -13709 -33566 61972 7031 -10869 -28780 -51149 -8404 12982 31992 44793 -27309 55259 -54361 -16988 75930 -8608 33132 -5579 40471 -40443 -27095 17629 48262 52004 3262 39231 34429 22938 1128 31289 30987 -24414 -42741 -53591 -31876 -40162 -11771 760 26317 -20520 5984 -30076 -11038 6271 -29064 -10987 35868 -9338 -716 -17104 20952 -37718 -29990 54685 38023 49302 -29117 -38508 22685 6780 21479 -24219 -6548 -13120 -76061 55324 56088 37964 -23197 28403 -46443 18378 -41611 
63120 -19916 -14388 -46221 17232 -17856 -38448 10554 -57231 1813 12315 -389 -27440 -20427 10308 -45697 -27614 -2229 -15840 -19045 26235 -66847 210 -20353 15120 -32351 -45718 -9946 56711 20209 -10381 18450 16992 68239 19698 58165 -14045 -6936 51010 -15049 14156 -3855 -18090 58724 16816 -4594 -75 48874 10593 45275 38974 47043 6300 -24708 9986 -36811 29089 -4197 -10707 7753 4455 -63521 31802 20887 59851 21119 26908 -15130 -24480 -28482 -33540 -14032 -15080 -32851 12561 34459 -50145 -57309 -10410 26580 2795 9194 38818 41793 35205 17442 -10631 12817 23378 39444 -15231 -4851 40320 43193 73265 36494 -6238 22788 57661 30893 
-18799 -11615 -25417 -64275 -24599 44638 -8782 39974 15457 -20581 2956 76392 29494 -39298 5894 -27172 32398 9549 -54630 3570 44059 -21542 -48433 -21711 77660 -39216 -7988 13638 -19687 -18155 -46015 17354 -28724 46163 3805 -40099 49327 -50461 -466 -32622 19123 -65614 -8050 11608 48743 32577 -20423 57548 35315 72252 -80783 90297 -56765 23476 1196 -65779 -60088 -2200 8018 -46554 -16031 47322 77851 2768 -14725 57089 29907 41312 57834 61472 -11398 7655 -5971 -15380 -58723 40353 -42686 58581 20839 -48959 24988 -7814 26166 15208 54477 -13251 33582 47 8427 37213 -2552 37274 1623 -38896 18986 33694 -28536 -8038 30992 5440 
-20575 -58079 22676 4382 -13422 -16410 3234 -38566 9235 21 -16633 -62588 -49752 -32372 -11947 -21036 -36445 70388 -13066 -7355 -21088 19530 -9033 2694 -67775 -11905 7249 -54516 11544 15754 -44376 -41779 -15783 -60391 9379 2338 -23853 40070 -4527 1902 -7924 54422 -35030 8484 -13430 -14168 -38812 -2348 10879 -37012 31829 25696 65873 -28038 1904 -25925 23959 -38630 -18249 37225 14655 5808 3056 -37636 250 -40361 50536 22305 5781 -77034 32574 -10556 32149 36604 -14334 5337 22665 -56358 -8121 8930 10967 2532 42268 17234 -44253 -26119 -14467 72162 -15004 -5505 -8264 15105 74515 -4972 37582 -9522 -365 9728 20030 -34828 
8609 26114 -5424 -31575 -15061 866 8528 10103 -29545 -34564 13802 2108 7910 277 6626 -57775 -37780 2127 -4465 -17453 4908 4329 17194 -7254 11036 -22741 -60948 30154 50562 34913 3302 -51662 -41017 -76674 -24347 62035 37428 -16401 -37775 -6074 -3734 -4045 45371 82886 -28154 -59999 5122 -9653 21074 -30364 37118 -49691 61363 -972 -7139 4547 -19577 -4832 7308 26843 21112 4111 -1025 22712 -348 -37040 -49584 13416 41600 3713 41749 -32534 13217 71375 -11452 -15344 7168 34134 56993 31968 58714 57652 -13350 4692 -42615 -30675 27644 35134 -3737 -50803 25720 -33490 44864 -34740 -7848 15468 3396 -12661 -35521 -24291 
40637 -68279 26494 -2465 23457 33539 36649 63757 14248 6823 -46663 18802 41469 42970 -24945 -23612 34613 8333 2591 70183 6725 -12155 20412 -23308 17656 -33677 47547 -876 -18892 -47452 -6053 438 2709 23159 -28077 48684 28917 -19414 -50814 -22805 41493 -82682 -31201 16900 180 -50633 -864 -1842 -16716 66089 -36204 24423 -42173 -62548 64714 -8654 8381 49470 -60060 -6159 -30221 -15613 26225 -7426 -32782 -30649 17802 -1446 -8502 -12162 -12341 -33367 22527 10604 31400 -10865 3334 10614 26828 53656 -4449 -75373 19071 9983 -7099 61203 3031 48259 7735 32 11853 -7988 -34870 -14854 7436 7150 29003 9080 45485 3334 
35937 -30372 13883 -13472 5570 -20110 4032 21799 30148 -29793 11692 -31018 -15331 -25056 -53431 -17684 1401 -37617 -12395 -25332 4965 -28938 -13613 23604 -7322 21347 -27726 28391 4614 6754 -38728 404 29603 -2097 3024 18256 -4888 5888 -2669 32083 -24444 17594 -27405 38939 -12955 -2162 51283 -71270 -21846 3320 5626 40479 -21531 -33118 -27638 4037 50622 11863 -6411 9587 -34072 -35185 23837 -23169 18588 -35550 -48164 34735 51107 37071 -32710 2 -21199 -20745 9722 31417 29890 -41921 -23144 -15028 4682 -4851 -12143 -31928 37226 -12215 -38834 33363 6126 41986 29001 13375 -19148 10192 -10550 11182 -18448 -24290 10497 58940 
-5348 6761 6306 14784 17264 31978 14482 -40843 33817 18258 -7944 -9850 29238 -60234 4216 15323 -71963 60492 23390 -17238 24194 -3395 -33253 -26565 -74609 -14284 17660 -30131 266 -41509 -6057 10985 37671 3815 -10280 -35107 -59413 8557 -24505 10949 -30716 -4976 10658 38520 22294 55432 -30720 -12149 -40895 -18475 62736 -665 -13241 -6362 -33664 21618 18530 -35820 1714 12218 25099 -696 -25722 2639 -50519 -2850 17728 -43090 -59829 -48743 23405 19858 46281 13504 2164 -6539 64486 32109 -6006 11991 -36647 8833 -45547 8062 -67865 -20858 27005 -24557 16037 -32338 56673 31534 42436 3892 -23376 -24499 23020 15344 58438 17090 
-2499 -48660 8951 -14694 24934 -5223 10695 103831 -62542 -25560 50426 40619 152 19078 -3692 -30149 -38238 30693 -24054 -15981 11123 -54773 50878 18227 -35457 -25249 -10898 7256 19884 29395 -41865 93524 -90604 -29925 -8167 -9852 48351 -30566 -17099 -35298 -36449 17266 -30983 11365 25008 31904 42778 -15123 -26602 18628 -40586 2813 -24283 -36719 31475 -48774 41787 40685 -4860 -10417 -2197 -3497 69154 -13473 33332 -27922 34109 -27998 -22946 971 -53296 -41614 -45887 -1351 -4159 20009 -35832 6463 3457 -30594 -5591 -9325 -34996 36409 13893 937 -52347 25708 32106 -6894 -8807 -42554 -15316 53696 -8196 -866 48747 -10198 -1403 -561 
12441 -42181 27094 -35927 7105 33905 37458 41335 49563 -17051 -10632 -39657 18421 39832 7592 21346 -15359 22768 -51717 -46501 64551 36343 -8833 -13290 -10027 -66347 -45214 18681 -1048 -2383 -58867 -2894 50961 27719 17686 -23434 -42137 -52387 -30061 -18912 -18446 -4176 -3615 11122 -7254 17635 63172 700 -51158 -7808 -37828 20941 -77605 23818 34958 -2283 -1308 31384 -28314 -33304 -57372 -46392 13784 712 445 -36226 67992 -5843 55003 8732 952 -30132 -8661 -7766 -1777 -16501 35388 -26770 28657 12615 12056 23249 8294 -48269 4880 17291 -40276 -52995 -37413 -43530 -4994 6040 16123 -31481 55803 19056 41941 45021 -10002 -32194 
10368 -36418 21531 -19256 4605 -8580 32877 -25058 35207 45305 -15217 -29989 -2779 -5210 -8951 -12704 -37215 -22359 -22544 2696 23231 20048 -16202 21203 3826 27674 -837 -1842 -27569 -24004 -12073 -58967 -4811 1229 -8977 50390 930 19155 -43634 63220 42560 -28264 25404 -3693 -15305 -16069 -2972 -478 130 20249 -1871 11112 -2603 45810 -968 -16496 -27621 12065 3152 69042 69493 5370 -73886 -7902 -9031 23467 2823 4894 20823 -46362 -6496 19327 -29235 39341 2028 35245 -7526 -9563 -25287 23539 -18381 -24741 9471 -6621 11937 -25951 -6856 12553 -17858 -18502 6034 50116 28717 25227 17525 -28711 -22969 9256 -9205 6060 
