100
-56 96 -11 63 -79 -28 35 -86 86 -51 -58 -95 -49 34 -12 93 -34 53 11 -93 39 100 -21 45 -11 -40 61 -96 42 35 -53 -97 -26 93 -58 56 63 43 12 -50 -15 23 -3 -50 53 -91 -58 97 72 13 -26 -84 88 91 30 -50 -50 -39 -9 -18 -37 -32 -70 77 50 -33 88 -19 60 35 39 -97 -86 38 -26 -58 -63 -36 13 21 -74 18 60 -52 98 86 -43 50 -78 81 68 17 38 -97 93 24 87 8 -35 -70 
0 -6 -94 -77 86 -77 -2 42 54 -36 58 40 9 35 21 -86 2 -55 -57 45 -6 -46 75 -17 37 -39 -89 26 -87 -42 22 27 -56 -15 83 69 1 -77 -98 -50 62 -59 31 -3 -29 95 22 53 -4 89 -75 -77 -27 -87 -1 -75 -62 -11 95 6 12 83 -53 56 -93 42 -25 -25 47 -68 33 96 4 -21 17 94 86 -11 -5 14 -53 -58 62 37 87 -1 -92 -25 -8 35 -45 2 -87 9 -94 48 60 -47 34 3 
52 96 42 -2 -62 -30 89 -58 -76 77 60 48 -27 -31 72 -86 -78 -48 -92 -7 96 -86 23 29 51 -88 -54 -20 2 30 -20 3 -89 19 11 -2 35 -41 64 -15 16 -66 -23 23 57 17 58 86 -32 -32 -45 -97 -59 -88 52 29 47 -33 -4 -22 26 -91 -54 -15 -81 33 -25 -65 93 -34 0 5 17 1 -74 50 -56 -70 92 94 -76 59 -86 -80 17 76 -71 -100 1 -82 94 7 5 61 86 -21 -20 -4 1 24 
-3 -68 76 46 77 -69 58 49 -4 84 -64 -88 -54 -52 -14 -12 -33 16 -69 -99 100 73 -58 -14 -99 -22 -37 18 -98 93 36 53 71 46 80 -58 -16 67 69 37 -56 92 27 -33 -62 -6 54 -23 52 -67 -2 56 64 -14 -67 -11 71 -82 9 -89 44 -98 -16 -27 89 -41 -83 90 4 80 -77 35 -66 56 -28 -66 -90 -76 73 32 -69 26 28 67 60 -84 21 -36 26 -70 -23 -82 86 -68 -81 67 59 16 -69 -24 
-55 97 -2 -69 -53 -19 -22 17 91 81 69 16 68 -7 88 -47 14 -99 78 -44 -38 -92 -36 -57 66 -55 -94 25 -53 85 56 -24 65 -61 -35 -55 86 4 -28 23 14 43 -31 -31 77 87 30 -42 48 -39 94 -46 39 16 67 92 -28 -42 -15 -1 75 68 -76 91 -90 95 -69 84 98 -74 -58 57 -37 92 -31 52 62 91 -51 86 82 94 100 73 -86 48 -12 -21 -14 32 41 22 73 -64 -93 100 -32 -94 44 -23 
60 -64 -10 -100 9 -15 -5 -27 -80 13 33 -10 -63 -35 61 20 -63 32 3 -21 -99 89 93 5 3 62 -16 -48 87 10 41 60 -32 -19 56 47 10 -70 86 -81 -45 -33 31 41 -16 -30 95 -40 11 -67 96 65 90 14 0 -3 95 21 9 -18 -34 -63 -27 5 57 69 -10 -53 -40 -43 -9 -58 -3 -71 48 -16 -94 -35 41 -69 87 -56 31 0 -91 47 28 34 12 -12 76 74 15 3 58 -74 55 -94 70 -77 
77 73 -89 -31 -45 42 -35 -53 -21 23 85 40 -92 19 -84 -57 -15 -20 82 -58 17 28 -35 6 76 -47 -59 93 -26 -64 70 35 -20 -63 56 50 83 94 51 -15 2 -31 -47 97 -89 59 -85 90 13 6 -90 63 21 98 25 14 28 84 44 8 70 -2 98 60 39 20 -21 75 1 -15 -72 28 -62 6 -67 -81 -81 89 83 7 -4 -16 15 -19 -42 83 -47 -3 -45 -76 -93 35 -64 -99 19 -26 -76 12 -28 -32 
-42 39 -67 50 93 -25 -84 -8 56 -11 64 29 -79 97 86 -33 -4 -28 97 -15 96 66 -37 -44 29 -22 -46 -26 16 -65 62 31 -72 9 -47 -14 39 93 98 34 -4 32 -29 85 52 32 2 76 -3 5 65 34 25 1 76 -64 -25 4 56 -32 95 44 33 -87 82 52 -80 69 90 -12 -99 -13 -7 11 -41 88 -68 -58 34 87 8 86 100 52 -98 -97 27 99 3 100 -92 57 37 -57 6 -56 -72 39 5 -54 
-13 -46 -98 -33 -76 -29 -51 -88 -93 45 -31 2 -98 -87 30 -19 33 19 27 -75 -1 -21 80 33 66 -71 72 3 -55 34 -79 26 99 71 37 44 21 76 3 61 19 -34 54 81 -100 4 -35 -49 -10 80 34 43 -93 55 -56 92 58 -3 17 40 -90 -70 -63 68 -82 39 -49 -99 34 -5 66 82 70 0 23 53 76 -7 -29 48 -61 -17 -45 41 -91 -53 -98 -88 -33 51 -60 83 -11 93 52 0 -91 -96 -38 38 
-27 78 32 78 -66 16 6 -99 -37 42 -54 -75 -66 90 81 -56 16 8 -75 68 -66 98 33 -61 -43 19 98 41 50 -19 75 -83 -21 93 -86 67 -54 -57 -49 -33 70 38 20 -40 -65 -72 -32 -1 24 -66 -72 74 -26 -56 -21 -31 -71 30 81 63 68 -40 26 -5 77 -57 -66 31 -24 -64 -1 99 -41 -6 8 -55 38 -96 92 89 89 10 -60 -98 20 42 -16 -35 94 69 -57 -19 43 -20 100 86 -5 -86 -33 8 
-81 96 87 -61 -97 -70 -7 -70 38 34 -38 26 -17 -81 19 -4 -49 -83 -67 -60 -70 -10 23 -92 -23 76 -20 -83 72 -13 -27 -54 49 65 87 78 -53 73 26 100 24 7 -95 32 84 -20 -89 47 92 -69 87 13 78 -90 91 -5 -5 -88 86 -66 -5 54 17 -40 -21 28 24 -9 4 -6 -37 -20 65 -3 -14 -78 55 82 76 -20 -94 -42 -3 45 4 -89 64 84 -49 52 62 -45 -21 -81 48 -54 -95 -53 -72 -96 
-4 -94 -93 14 29 53 0 51 -95 -14 52 37 -49 88 -31 78 75 -72 28 29 28 -68 1 65 -62 77 -49 -10 -82 -19 -72 64 -96 96 -30 31 39 51 -25 45 -40 77 -10 -86 59 -77 21 -96 -13 22 11 -44 -42 -24 -56 -74 -46 66 74 -90 52 86 77 -27 77 49 -73 -83 -46 -9 -95 -56 -57 69 38 89 -99 -20 -70 -43 33 90 -80 -7 91 -45 -22 59 26 -83 -39 -73 -65 28 -65 33 59 -84 98 87 
-27 -89 -3 43 -50 25 87 60 -26 -55 -78 63 90 36 -17 -59 -77 71 -19 57 68 88 -9 -42 -13 -87 -20 -70 37 -85 -4 -91 -6 -84 -33 45 -85 70 -97 -70 31 -88 65 12 -70 -72 -97 -64 74 87 86 78 91 70 52 -68 93 -80 -4 -80 87 -4 7 -79 -69 -47 51 -10 -83 -59 -76 -30 5 43 41 -4 89 39 52 8 41 -2 -1 -25 -47 -62 34 -11 54 99 -23 49 21 -77 6 -3 -56 -1 -61 -91 
-27 -26 53 -21 -92 70 -92 -87 53 -66 65 -95 36 -25 -83 -68 86 -59 -62 -66 30 52 22 -28 19 77 -5 -87 26 -65 -86 -56 88 -32 86 -97 48 -6 8 -38 -23 -99 80 -1 -7 33 -16 -33 48 35 -63 -85 -60 68 59 63 24 -69 -4 32 -23 -86 3 22 -9 68 -20 16 46 -33 -32 -81 -75 -32 -92 -70 44 -60 -86 4 28 -88 77 45 71 -28 11 -28 -56 -68 -10 -56 1 -46 -87 -99 -100 45 97 52 
13 59 -68 52 78 60 -12 -65 -61 12 -37 11 64 23 42 -98 -63 -11 90 38 -7 29 -17 31 56 49 70 46 12 77 87 -12 100 94 -78 -51 -69 -2 -65 -40 70 -84 -31 13 -20 -88 -32 45 49 -35 -21 -90 -43 43 -18 0 -17 -2 -3 77 79 -9 -34 0 85 49 81 -48 28 -60 -22 72 82 -6 -93 0 -50 -56 13 99 -50 -21 69 18 98 -39 -10 67 19 61 39 -38 94 -46 -98 82 -77 22 -65 31 
-78 -96 25 -52 -35 84 24 81 -51 -42 -83 98 80 59 -21 96 67 37 -62 89 12 -56 66 -21 98 -62 76 57 40 91 -32 43 1 -70 -51 5 95 87 -78 -86 -6 -73 76 -83 -66 -94 19 -11 35 -22 -89 92 -85 94 84 -98 -2 -46 47 -19 -85 -7 81 74 -32 20 88 79 62 6 -57 -32 43 -28 -33 -84 -10 -36 -12 69 -51 49 -93 4 -75 -49 36 -40 30 6 -14 -39 40 78 33 -17 53 65 -37 -10 
35 -43 70 19 39 86 -33 22 77 66 41 8 68 -59 56 36 97 -88 67 56 -33 -56 8 74 -75 49 -10 18 9 17 11 -62 21 -29 -2 14 13 76 25 0 -54 64 -43 -43 62 19 -41 -54 -52 31 -53 38 83 -26 -45 -36 87 -68 49 88 10 62 0 59 21 -93 8 -47 -60 -86 -93 84 -4 -84 -44 -90 -33 -97 26 -11 -42 -84 90 82 -50 9 -51 97 -86 -78 31 53 -100 -84 -81 -60 99 77 91 30 
-31 50 5 68 0 54 -38 8 27 85 -99 -3 48 28 25 81 -21 -57 36 76 -88 78 84 -82 -78 -28 -48 -40 13 72 60 20 36 -84 -4 22 61 97 -52 42 -34 94 -33 -17 -18 -80 -18 83 -48 64 -25 -26 -69 80 73 -100 -50 35 51 -3 41 -89 45 -54 48 -94 87 -37 -89 12 -62 60 -97 -80 -74 34 -20 -68 16 80 -42 -78 -90 -25 -77 -5 -43 -62 7 -12 -76 -92 -97 57 26 46 -55 -72 -62 -97 
-100 97 63 95 -33 -19 -88 -4 36 -3 18 43 -100 42 69 6 2 -38 -4 19 55 76 -69 18 84 98 -54 36 93 -7 70 74 -11 -59 -31 -92 86 67 -39 10 -97 -68 -62 -68 18 -20 7 -17 90 -15 -9 -28 -4 30 -20 49 -90 34 8 -20 -70 -24 -37 59 -98 10 -54 22 -95 48 54 76 -100 -97 -37 -71 -75 71 72 6 46 1 -94 -27 3 11 9 -55 32 35 88 -62 97 88 -57 25 34 39 -95 -78 
-2 -5 100 -10 14 -93 62 65 80 10 9 83 56 -33 99 -5 37 -25 18 -89 37 30 68 -85 15 -41 66 -53 24 -32 -47 -27 80 -12 -22 -40 4 -88 35 12 -19 27 9 1 37 -47 -6 -57 -30 58 -59 49 -82 49 12 30 -99 38 81 -80 -100 -75 -68 77 37 -4 59 -38 65 25 70 -18 -87 -40 -50 -75 -55 -48 -6 -76 76 -23 30 18 -13 23 32 -58 5 -55 -75 -15 -77 1 58 31 -73 -37 -96 82 
-61 -86 -79 62 0 -29 -7 100 -84 -13 85 65 -30 68 -64 -56 68 -94 -89 -37 63 -79 -99 -55 53 68 -66 -53 43 -66 9 29 26 -29 76 -3 -85 11 29 30 5 -66 19 -40 53 26 -70 -37 -39 -11 43 -64 -58 -8 -99 21 76 -83 16 -63 79 77 96 -67 56 6 14 9 78 91 -62 58 22 -15 -49 -15 -74 -59 -81 15 -68 -23 -71 -20 39 -71 -46 52 73 94 -42 75 15 18 -60 37 -46 -88 -95 -51 
70 -11 53 -97 21 58 -55 43 66 14 63 -28 75 -34 -34 -30 -60 -40 -15 -77 54 -42 -64 1 6 74 -84 -92 37 43 -15 -62 98 -57 -37 -19 40 -53 -95 4 -66 18 25 -20 99 48 -40 0 18 41 3 82 69 -36 -53 19 -39 -45 63 99 41 27 -72 6 44 -51 75 8 84 -31 49 21 8 86 95 22 78 74 99 64 13 53 -64 -97 -25 -82 -40 -84 -69 -94 71 37 38 -5 -35 -44 50 -56 -27 35 
-38 -42 -72 16 -100 -10 -64 -6 -82 -24 99 -43 90 10 5 76 52 38 -26 -66 -23 -95 -4 -88 -35 -41 26 -50 -59 -8 -89 66 -89 53 -16 77 20 12 16 31 23 24 80 80 11 82 -27 -17 68 -99 -3 45 -93 95 24 -88 53 -15 -84 -94 63 61 81 84 72 24 -75 -68 63 71 -15 -49 18 47 8 -29 -37 13 75 -7 -7 -6 66 28 -41 -7 -8 -97 -52 26 66 -49 1 -74 -91 82 -52 -87 -34 8 
-45 9 -33 90 -95 54 -84 -62 -25 80 5 -52 -29 -68 -58 99 13 98 40 -5 -35 -61 -73 -87 -82 49 80 -33 -59 -11 -16 -15 35 8 -53 -43 16 54 52 30 57 -40 79 -53 -63 90 12 9 -23 32 68 -19 28 41 -49 22 66 -82 -57 49 24 -57 38 -13 -55 78 80 17 -76 -55 44 71 -71 34 54 -21 74 -39 -91 -72 -3 -95 -78 -27 -79 -96 63 -78 -76 86 -10 57 -34 75 -86 41 -9 -20 -26 -7 
95 -66 -27 -16 29 -43 91 69 46 25 -92 -49 -27 -54 -37 -46 35 74 9 82 -41 -3 -25 51 52 67 -60 -23 -22 -85 -62 -11 6 95 62 39 25 -24 65 -58 38 -91 -86 -92 93 41 -37 28 54 46 46 26 -16 -16 91 -42 -22 -70 -34 29 -67 -56 55 -68 32 97 91 -34 -93 35 62 -36 -64 55 -84 -12 14 -87 30 99 -40 -92 12 49 63 88 89 44 69 14 58 -33 -5 -90 -74 25 -99 60 42 7 
-60 -52 34 -71 32 7 30 27 71 -94 -43 -90 93 -26 88 57 -92 71 81 -73 -83 53 -71 5 -93 -43 55 30 95 10 13 21 30 -30 63 -89 -82 22 -67 -95 -23 61 -49 88 -95 61 56 -92 -59 -93 51 -83 -84 31 82 85 52 8 56 2 -26 -38 21 -48 29 84 75 -16 -15 31 -91 -85 -98 -6 14 -100 -5 -80 -22 -86 -91 24 -44 -75 50 80 -84 -67 12 19 -20 -77 -96 93 -88 -43 37 -7 56 2 
-52 -70 26 47 -30 7 4 25 -47 49 65 10 53 -46 -67 56 47 -63 85 83 -44 58 -23 98 11 0 73 15 -21 -69 -40 -10 -34 -18 -73 52 -88 71 47 -80 75 -67 -60 39 44 -29 -52 -39 -78 80 -8 -74 -1 64 84 69 -64 -56 73 16 -29 90 -14 26 75 65 97 -55 -66 -22 63 5 11 93 -71 -41 4 -32 -49 -18 34 -26 -80 62 -91 12 28 52 -82 -26 -91 36 59 -63 -27 82 -81 91 95 -75 
59 8 50 -85 -31 63 -28 -4 39 76 35 81 90 77 4 -64 -56 -27 -14 18 15 -94 -85 -1 -49 15 79 -47 60 -12 93 -23 40 41 -72 35 9 -88 -43 -69 13 -63 -52 -12 14 62 -25 13 -3 89 55 -18 27 81 -32 -62 59 29 -42 87 45 -79 -65 -15 -50 5 31 -83 7 -55 -42 -83 -3 36 58 -71 48 81 -5 69 45 55 99 54 23 20 -31 82 99 46 23 18 100 -96 28 56 77 59 49 76 
8 -62 -53 80 70 -79 56 3 56 21 85 -16 34 65 88 44 87 54 36 -51 39 80 -15 -15 -74 21 -10 -85 67 15 53 -46 -44 -61 49 42 -30 72 -40 15 61 19 52 69 -12 -58 -65 -42 -67 91 28 -99 -39 -63 -76 -28 -19 -65 88 -66 62 43 -11 -85 74 -59 -90 100 -43 -28 -56 -70 31 -23 -87 -61 84 26 -15 46 -92 35 -37 -73 -26 65 63 85 99 -36 13 6 86 -71 -68 -11 -45 -95 65 -78 
-82 84 14 75 -97 -19 35 0 -2 -19 88 16 66 96 95 -24 6 38 50 -95 -13 -56 -3 -17 -64 2 -26 -18 67 68 61 -71 -67 -43 -80 0 -44 89 68 -19 8 67 2 -23 32 -50 -6 56 82 -37 2 -37 -7 -86 97 31 20 -25 67 34 58 42 -28 76 -11 -88 66 -59 -12 -10 51 -20 26 -31 -23 -36 29 73 -82 60 10 54 18 -15 -70 65 21 -5 72 -94 -59 -12 -16 66 6 -15 78 76 11 -58 
-87 -78 59 -39 65 46 8 95 87 33 -76 -42 58 -81 29 -23 -54 -74 -8 -66 24 -98 10 24 -83 67 -75 70 -20 -59 -75 52 -47 46 20 23 79 -28 -90 49 0 52 -10 -16 -36 43 2 -12 0 13 -17 98 58 8 18 33 6 48 9 99 47 64 -26 80 32 82 -15 14 83 73 -16 -13 59 -22 -79 -53 -93 -10 -76 -49 -55 -79 -85 58 -25 -1 54 58 24 -36 53 -9 42 66 -65 -82 15 -39 12 16 
39 73 32 -29 -19 85 10 -53 -92 99 5 18 1 -30 -14 46 95 43 -77 -22 72 77 -23 99 91 -38 -35 -87 -89 -58 -6 83 -45 35 97 -29 -17 12 35 -14 -15 -37 3 88 79 21 39 -97 48 -7 -11 7 -98 -16 -29 -3 -93 37 80 6 21 26 7 82 80 52 6 54 19 -94 78 -26 51 58 -9 -68 99 -10 94 24 -76 50 -80 25 54 38 82 -85 69 -85 97 20 34 -33 -72 -66 39 -36 -5 71 
79 -13 31 -84 -60 83 -5 -36 60 -58 -80 -11 -73 -30 -11 73 -77 74 -84 -66 80 52 -17 -42 11 75 -91 55 9 5 -98 -28 -43 86 -29 -58 -56 24 0 63 -60 -44 58 -61 -36 -47 -56 30 -68 64 -70 87 -52 37 73 -33 -69 8 65 24 88 3 16 68 30 18 -38 21 87 -95 45 -70 -32 61 -86 -68 31 45 63 -66 58 -50 -24 -20 -39 -17 30 67 -42 -39 37 14 48 90 -24 65 63 100 9 38 
34 -74 -56 -44 70 100 76 57 -69 20 -38 -41 -96 98 99 96 -50 -21 45 85 79 80 -35 -49 55 -57 -88 -25 -47 -60 -64 -25 94 -68 -3 14 27 -11 -22 -27 50 -56 9 82 7 32 -38 -31 -61 -82 43 -70 -34 -65 -5 89 -74 11 -85 -25 86 -74 0 0 -13 -100 81 -79 63 90 29 -47 77 35 59 -60 88 -62 80 -48 -59 -22 -67 65 74 69 34 -12 -50 -64 -33 -1 -69 32 -61 17 75 -40 -75 -18 
6 13 31 -17 -77 52 -45 75 -14 -55 57 -93 -52 -83 -36 -12 100 13 42 76 82 -51 1 6 9 60 94 -51 54 -47 -63 98 28 55 -93 -49 -81 -49 -75 -81 -45 -50 -92 -49 5 61 -48 -99 -76 58 78 -23 -3 3 18 -85 89 -17 -43 -24 31 29 44 90 -77 -46 -48 -12 -68 -97 -13 -7 95 -70 42 -87 74 76 44 78 -21 -10 -29 44 -10 20 -86 30 36 37 61 90 -61 9 -79 -33 68 32 -17 79 
-34 0 61 -2 17 58 94 36 57 -2 24 19 51 22 -72 -100 43 -13 1 98 -77 78 18 -87 -5 1 77 46 -62 32 -64 85 40 74 -86 -97 -61 49 35 100 -44 -69 29 -95 -24 100 82 73 -52 77 -35 62 -20 -90 24 5 -96 78 88 27 42 -43 85 75 -17 94 -2 -4 -12 67 -65 -31 38 -21 85 -84 45 -76 50 -24 -93 46 -18 59 23 33 68 92 23 -25 63 -50 -60 -35 -67 -87 87 -17 90 47 
-37 70 -34 7 51 84 4 81 56 23 27 44 50 65 -24 69 -74 20 -98 73 -37 -22 -28 65 50 42 71 -87 -70 -61 55 38 65 77 -19 -79 32 -14 88 25 -53 68 22 -85 -55 23 38 -43 -17 -42 -28 62 17 -20 -97 14 -19 -60 85 26 -7 47 -21 0 40 20 -61 -95 33 27 -21 28 9 -45 8 59 43 95 -54 -46 13 -12 -43 -83 17 -9 81 -99 48 -64 -5 -11 -36 -44 55 -96 10 41 -20 -79 
62 -34 -28 91 -78 -50 73 -72 -85 54 -80 -33 19 6 -95 90 -9 86 51 -55 -50 -3 57 -6 -66 30 84 39 -98 62 87 55 -35 -55 16 92 30 17 -43 -25 -30 31 -6 -79 -94 -82 26 82 68 -46 71 -72 59 71 77 -40 73 80 -29 34 -13 9 -34 -3 23 32 68 0 -80 -24 71 -52 86 65 23 -39 70 83 32 -53 -78 -92 -33 -44 93 -53 -64 3 41 -40 -3 -97 -39 -50 -23 -24 65 -99 -84 -30 
69 -55 2 11 38 60 -72 97 -60 84 -87 59 68 -61 -78 82 -60 -18 24 60 6 41 78 -32 62 -79 45 5 -42 31 83 1 69 18 80 -30 96 85 37 -21 -67 -11 -79 75 2 -33 63 -7 53 72 -64 94 -21 -17 82 6 100 39 -62 6 -47 -31 99 11 -38 94 57 -2 -60 30 -55 99 78 67 -75 -32 10 -45 -42 10 66 -61 -96 -48 9 -49 30 -23 12 100 8 49 -3 -34 22 -34 38 58 100 51 
42 72 -64 37 -35 -16 86 -65 -97 -34 -63 -32 51 -6 9 93 -4 11 55 81 82 -1 -46 69 -24 -96 -91 -4 35 -71 53 -19 91 27 2 -34 64 44 7 95 -30 -61 -71 68 -38 -36 -75 -20 -99 42 93 -73 26 -22 7 -85 63 -42 97 -95 26 7 -28 88 -39 -2 -44 -38 -15 -11 -55 61 33 -70 -69 -83 -9 -23 20 -6 -33 -71 -63 -6 -36 -5 -64 -99 -28 99 100 -38 -62 86 -58 -51 66 -15 -68 -61 
-47 24 31 89 -23 31 84 -50 79 58 41 -72 -87 -31 -42 18 -44 99 -16 11 -71 -85 29 -46 -20 -36 74 -47 -87 -33 29 -98 56 -98 -15 59 20 36 -95 61 -86 89 -67 62 -84 11 25 -94 -15 -67 -24 12 84 7 66 56 -54 75 86 -41 23 -66 72 32 100 -62 83 2 -78 -70 88 -37 19 37 -90 -93 5 -79 -27 96 -72 24 -38 -20 -96 22 20 -3 -82 -22 97 -52 94 13 76 -52 97 -76 -97 64 
-37 87 70 -98 -57 -34 61 -22 85 2 76 -13 64 -42 -17 17 4 55 -26 13 -3 -65 38 39 -42 -99 -6 -19 -67 67 -90 -26 -54 74 2 56 -80 -88 29 -24 -10 36 98 -27 -45 85 -53 0 40 78 35 -46 -45 44 -70 13 39 43 4 -27 -4 79 -1 80 11 -11 71 82 86 45 -67 -30 8 -69 -64 96 -97 -93 32 57 72 -48 -19 -79 -59 -93 18 -92 -91 -41 -100 -10 43 59 -19 50 -61 -34 36 -9 
20 49 -59 8 -51 15 -97 -55 -71 31 21 -92 12 -19 -29 -33 23 34 91 17 70 62 -37 -34 -33 -51 -47 -23 79 31 85 -78 60 85 -25 -6 -87 -93 -54 -24 24 -95 76 54 25 -33 86 45 -23 -42 98 -53 -93 53 10 -87 -82 -26 -92 -83 81 20 -37 79 96 43 -27 -32 -83 13 -57 88 -11 1 20 -41 -23 92 74 32 48 -57 32 -82 65 14 99 -98 -13 -51 -75 -66 78 36 -31 -12 53 16 68 35 
-4 -25 -46 -45 85 13 -4 -4 -53 68 -45 64 78 -96 1 15 -22 -52 18 -55 -54 -12 80 -65 25 65 26 -42 27 -91 68 69 46 -55 16 -21 9 20 81 41 -51 32 -25 48 65 -16 -60 4 91 71 -37 -85 70 53 66 -11 -18 83 -7 93 -98 -57 -23 -28 -2 12 -71 -62 1 10 50 90 -30 44 73 -70 6 -2 -55 -35 -17 76 -94 49 40 -23 59 84 94 49 9 4 -32 -96 -63 54 -44 65 -73 82 
-99 92 -51 -89 4 71 65 -82 27 67 -60 62 18 2 -66 -55 -88 -43 -26 -98 -57 46 54 76 47 17 97 -62 -17 -93 -58 64 -22 85 41 -33 30 -58 -18 -1 -27 -94 51 54 40 -97 -32 100 15 24 25 -86 13 -66 29 9 29 11 -50 -87 -46 59 55 45 -41 -32 45 68 -30 -18 85 -78 26 44 -34 78 -25 -22 4 99 -49 -96 0 19 -81 38 12 51 53 -28 4 3 89 -32 -27 97 -50 -40 18 38 
1 50 71 -14 98 17 -31 -22 -91 8 23 -46 -66 -8 42 -20 46 -100 -41 98 94 -74 -5 48 -35 -8 100 -47 98 91 -77 36 -41 23 92 29 65 -95 -11 -83 11 77 -15 81 68 -16 0 -75 -42 75 9 -99 88 -84 83 -79 -25 -41 -13 -4 -42 6 -7 99 42 -46 -68 24 -41 -54 10 71 0 35 94 21 -77 24 -72 -8 -36 60 -9 -8 82 -62 1 -45 53 59 -76 -29 -73 98 73 30 60 -47 -66 78 
-52 -32 -96 -42 38 -68 17 -42 10 -12 -76 -27 -97 55 36 -2 -84 -95 -42 33 91 33 8 -6 -53 -24 -74 -53 -21 6 -55 68 -3 -75 0 -47 -67 58 51 -83 -56 76 -93 50 74 16 12 24 -9 -60 99 66 -21 66 95 -53 -47 75 -60 11 -96 -72 73 57 41 -45 83 57 -96 -42 58 -54 19 -91 31 -56 95 -68 61 -96 -8 -25 -46 -97 39 -18 -79 -77 -40 26 12 -12 27 -48 94 93 5 -18 76 -26 
-7 -16 67 62 38 100 76 -43 -65 74 -1 -64 75 -59 49 -77 19 -19 -3 -66 0 34 -33 -38 -12 -73 -92 -82 -100 45 -98 -40 45 51 67 -36 -94 46 49 41 35 10 -82 -90 8 72 -91 47 -56 67 -56 -23 -14 79 -79 97 70 -35 32 60 -52 91 78 44 -94 73 49 -42 -19 -57 -7 94 -37 -88 -19 27 100 87 -89 32 77 2 95 -65 81 21 -91 -27 -51 -82 36 -36 32 22 -9 33 100 96 76 -65 
29 95 -95 13 25 5 -70 -72 -58 -85 54 4 54 47 -80 72 98 -84 34 -9 75 23 94 -12 70 -13 96 -87 -23 -76 98 -8 54 31 11 56 39 24 26 12 64 -96 79 -23 75 86 83 32 23 -74 92 -50 71 -69 -81 19 25 -36 -86 19 76 64 -35 -7 90 97 28 -54 67 80 4 5 -29 -45 81 -13 -18 -14 15 -61 -5 -79 68 100 49 -67 22 46 -89 81 -88 -61 55 0 42 93 -18 97 -62 51 
-38 78 52 -2 70 83 -55 9 63 -6 73 -66 88 -12 51 74 81 13 83 41 -26 -86 -100 -8 -8 69 81 -81 -95 -8 79 -13 -74 78 4 -23 6 -13 -56 -1 100 55 31 -56 95 -46 -5 -5 57 71 -32 -78 -50 -38 4 81 -37 31 79 -26 -81 -35 -100 5 2 26 42 -88 -69 -56 -14 -17 -11 -58 77 -90 -82 -22 12 53 15 79 -33 96 -82 28 -36 0 88 -27 -74 34 -8 -57 -33 -59 47 -15 88 -43 
85 -86 9 52 -82 65 -52 -60 97 -19 -58 -56 30 -46 -12 -43 49 11 43 -65 62 93 66 -87 -8 -75 -45 -68 -75 -99 61 71 55 63 40 71 -28 -50 24 -14 -80 -77 -91 -2 -39 24 51 83 -35 -37 -83 1 42 98 57 99 25 49 -70 46 -89 -46 -42 -68 -80 -9 -90 -64 -69 65 84 67 47 21 -55 -7 14 -13 -55 28 58 51 -63 -69 -65 40 -15 -63 -28 97 48 -43 84 -64 94 -84 93 44 6 35 
-45 -58 -85 27 -50 71 -36 94 97 -35 73 86 -5 1 80 -38 48 9 -82 -1 -35 -70 13 -75 -41 -78 69 -26 0 14 81 83 -82 43 -57 76 -49 -8 69 90 -16 -44 10 -10 7 -61 51 -18 34 65 -25 -33 -47 -57 62 -1 -83 -62 -20 70 -67 -13 -98 73 -12 80 -4 96 -39 -19 15 -69 -91 -84 -7 56 16 47 -76 90 -16 44 54 83 37 -53 68 64 59 19 -69 -43 -16 -49 -20 32 50 -21 29 -78 
20 71 -23 -98 -31 44 -94 -46 68 -36 -59 -32 -48 3 77 -68 62 20 20 -73 -25 -98 90 50 30 87 -6 62 92 63 11 -64 69 68 17 -33 34 -94 -7 -74 -7 50 -36 19 59 -54 8 69 0 0 -21 -59 -87 85 51 82 7 89 -57 -89 25 35 90 79 95 74 91 -46 38 -41 38 -85 80 -21 18 54 -79 -95 -94 16 -86 31 -43 -42 79 56 -67 58 19 -24 -33 88 44 46 78 -95 -9 -52 91 59 
-25 13 49 100 -46 -46 72 62 -88 -94 79 49 -66 -16 -23 -99 31 10 31 -23 79 94 100 75 -58 -55 -73 1 -6 -47 96 81 31 5 80 -74 4 3 14 -92 40 84 48 8 -40 46 -66 -85 -97 -78 26 -70 -33 11 -30 69 36 79 20 93 -34 -55 -16 -87 75 -43 77 -79 33 -56 -58 38 43 73 86 -20 38 21 11 60 72 75 -99 -34 -81 -12 90 -37 -82 -92 54 22 -98 -86 58 12 -68 62 -22 -71 
45 -43 -2 6 90 13 89 58 97 -100 8 -82 -46 20 -30 -95 -33 -85 0 -23 20 9 57 86 -16 78 51 0 92 -58 -82 91 -53 -95 87 -33 -52 -49 47 11 98 69 -99 -62 82 74 93 -99 -48 -20 52 12 -63 48 -23 -84 45 -48 -99 21 3 -62 -97 -44 -12 73 -61 -84 51 -40 -28 -98 1 27 31 -7 -3 -23 -3 -50 -20 -37 -82 -6 -76 2 -58 96 83 -76 -36 -46 82 -23 -1 53 -39 95 16 -30 
29 73 72 -70 -26 -79 94 38 -94 46 -47 24 31 0 -66 73 -46 -99 -16 14 -56 -35 68 -48 13 31 76 44 -98 1 34 26 -25 -33 52 93 -44 53 47 -100 90 71 -34 -76 18 -1 19 39 29 69 -67 -27 64 39 7 8 -100 -24 -66 -81 3 52 47 13 32 97 -3 -64 -18 81 -81 -81 9 17 16 36 96 51 -18 -67 -4 -87 9 -11 -36 -77 -21 24 -42 -49 99 -19 -38 8 -31 -70 -69 69 47 -11 
25 14 39 35 55 48 12 74 99 3 23 2 70 72 7 -48 -46 -41 26 81 -86 -48 -82 39 16 -54 -56 -61 -62 6 -28 4 58 74 -89 35 6 53 -89 78 44 -51 49 61 97 -87 -20 -62 -27 -35 -65 -1 5 -34 83 77 -26 -11 28 97 92 -44 -21 19 -13 -91 -44 12 -18 -8 -41 30 -82 39 35 55 -78 -100 -63 79 -81 -43 24 9 1 66 1 -81 64 -33 -58 25 -70 -93 -31 -55 -34 60 5 12 
76 18 1 56 16 -33 78 -99 -97 -79 37 14 78 77 -14 -11 38 96 57 46 -62 -76 -81 -42 77 -64 -25 54 -11 -21 -79 -66 -90 1 -18 87 -36 15 -1 -97 -61 -85 45 51 -91 -16 -43 94 -65 2 93 -79 -3 -87 24 63 -11 -38 82 48 -65 -5 -41 82 -58 -85 46 -90 -44 -14 80 21 27 10 41 24 -31 90 83 -28 -78 -54 -87 -56 -4 -13 -23 -26 -44 -41 -56 13 -62 -35 -21 -66 -30 -66 23 33 
-48 0 -67 -60 11 14 3 87 -65 -5 78 -19 84 -25 -64 -80 -10 91 37 44 -65 -63 -26 31 31 9 -28 -99 39 84 -44 -19 -77 -65 -33 -35 16 -22 -7 100 6 -73 -72 44 20 18 84 60 -40 -61 -81 -60 67 0 63 -30 -9 -87 18 56 39 -13 -4 -6 -44 -86 -5 -53 -92 -39 -38 -43 23 97 -43 4 -30 -61 47 8 15 68 -55 55 -33 -34 -95 82 -82 35 -44 18 32 -87 2 -68 -75 -46 68 9 
-93 -1 -50 34 -27 49 24 79 27 66 -49 39 89 -67 -75 6 91 -76 -70 37 -69 77 77 -43 -50 39 1 2 -32 100 -57 -96 54 26 15 -72 84 -63 -24 -46 42 -62 -97 62 55 78 26 43 -1 82 6 -7 -36 -32 55 14 -7 -9 7 -33 -18 -96 -23 0 47 34 42 25 41 49 -24 81 -75 -10 10 16 74 2 20 -19 -43 -58 -75 -82 -51 -4 -3 7 -92 -14 -12 -19 -13 90 -51 -10 42 -91 -34 39 
84 29 -98 11 33 -49 -51 -73 -7 -16 -20 24 18 -6 58 -36 -18 45 -37 64 45 57 90 -5 -51 4 -3 71 -91 92 41 -54 47 -58 -68 8 -28 7 -30 75 21 0 70 -22 72 48 -2 -9 12 -43 10 -21 -23 31 18 -14 -23 70 -57 60 38 -33 -64 37 -4 -30 79 62 -59 -17 38 -19 -61 76 45 3 74 -32 -27 -90 -97 73 -52 -69 22 -58 -49 -28 -3 90 -33 90 52 5 -50 -62 45 87 1 29 
-41 17 -66 56 46 87 58 -12 -74 62 -29 -38 -15 64 31 97 39 -45 -40 -12 0 90 -28 85 -74 -24 -49 83 -87 -99 90 -29 72 -25 87 -61 -39 98 -61 70 28 -85 -88 -13 -17 44 91 29 -39 -60 -14 75 -20 2 -83 -71 -8 -46 -1 25 86 10 -34 70 -41 14 21 -44 69 -28 39 74 -35 5 -11 16 42 -49 -69 -3 -40 3 92 -30 -12 -30 39 -57 -52 13 -55 16 -4 -25 13 -28 11 42 -30 97 
-53 77 -12 -27 65 -23 74 -23 78 30 -37 -29 -54 -22 -76 14 -99 -99 86 -44 -67 89 57 -63 -2 64 7 -45 -94 40 53 -6 -22 -39 -44 66 -37 19 1 -10 -82 -62 74 -45 17 -99 63 -80 -90 -24 95 1 -47 87 80 42 4 -68 -30 94 6 78 -10 94 27 38 -78 80 87 66 -53 -69 52 -39 85 35 55 -65 78 30 -4 -52 -19 -48 85 -41 16 -5 23 9 96 28 -19 -63 -79 -33 15 90 -87 -37 
5 5 17 -92 -55 -27 -70 -23 28 -4 -59 -31 -82 -71 -30 20 -72 93 -55 59 -19 -16 85 79 -84 -30 38 -23 -39 -75 -94 -76 -22 0 82 89 20 -34 57 39 44 -58 9 -38 -54 -28 96 60 -70 8 46 -93 -96 49 35 -2 95 63 -83 1 33 -87 3 92 1 -80 -4 -38 73 78 86 -22 -65 55 3 69 97 -78 42 -42 12 -100 -25 -51 -45 -73 -79 87 -5 -82 25 -62 90 -23 -7 33 39 2 26 -93 
66 91 3 -89 60 100 -50 -80 -8 86 -81 24 55 -8 97 3 69 -36 -82 81 100 25 -61 48 97 -28 -62 -54 -59 -50 -73 61 -34 -40 56 -97 59 33 -50 -16 -56 35 -11 0 14 79 -49 29 -52 -92 94 -96 11 47 97 -5 -51 -27 5 76 -28 82 -91 82 -85 -6 35 77 -29 -63 -13 75 98 99 50 -51 -56 -95 -34 -74 -51 77 -51 2 43 -51 16 80 -24 -34 -60 64 46 50 -17 -95 -83 -16 -2 -94 
-51 -12 39 -78 57 77 84 -15 50 -50 -62 77 81 -7 89 38 -9 -2 47 -99 21 -93 -80 -68 47 -32 72 -39 28 19 63 99 8 -74 28 8 11 -8 30 -5 -74 70 -35 -1 86 -1 74 67 12 33 -66 -40 -76 -71 31 -2 34 94 63 -60 39 72 62 -28 95 -30 62 93 95 15 -98 4 -28 -85 100 82 -13 61 14 -25 -63 42 -42 -67 -9 47 95 -37 -73 -62 86 67 -76 -77 -82 50 -78 63 -84 -82 
94 -67 -45 34 91 89 -62 -15 39 89 -62 -26 -73 65 21 -72 71 48 42 28 33 -59 -18 31 -55 80 -93 54 -6 24 -94 2 -54 92 -55 -43 -71 25 48 78 -54 -47 56 -78 -87 89 87 58 -95 -14 -44 93 -49 98 66 59 82 41 -66 -48 -75 -51 -4 52 55 73 -76 8 -76 -96 17 78 -16 -12 77 30 15 89 -34 -8 14 53 44 -55 -77 98 -96 92 27 -70 -37 13 57 77 -14 92 -63 -5 -85 -41 
26 -75 68 -97 86 -30 67 11 42 19 76 -87 -57 80 52 27 -37 -57 20 -100 -80 8 80 32 -79 75 -22 62 47 -3 -22 -5 -18 -95 -54 93 65 -45 -42 -17 49 65 89 -66 72 69 85 -3 -12 11 -32 -25 40 -41 28 -35 -62 78 -96 76 90 37 52 27 47 12 11 56 -17 35 -26 72 67 7 -33 -94 -96 43 97 35 -29 59 7 87 32 -38 -63 -57 27 -83 -4 79 75 -52 19 -50 70 52 24 -75 
-3 7 -39 -70 -86 78 53 -38 -65 -75 15 79 3 35 87 -53 78 -9 9 57 -89 -43 -85 23 96 81 -35 -65 -75 -97 83 54 -99 -28 79 13 72 39 -18 -17 50 -94 67 -45 -33 8 -43 1 97 -40 50 26 -60 -45 -72 -84 29 16 -54 98 23 38 45 63 -77 93 73 -54 97 -14 -84 -86 -56 -51 95 47 -19 64 -33 -16 80 -42 26 -70 4 -23 -23 -64 33 2 32 72 -90 -26 -7 57 42 69 50 33 
69 -10 79 78 -89 -96 -37 -67 89 -42 -91 -14 -19 28 -19 49 -43 99 52 76 76 6 -93 -8 6 -22 35 -18 -8 -5 36 -14 66 71 -30 5 5 -13 77 36 -32 99 74 -20 50 81 -43 -23 -72 10 -8 94 -25 -58 -36 -9 -71 -53 -90 -30 49 41 -84 -30 44 6 -87 94 59 -17 -62 67 -18 49 -4 -4 56 -30 3 76 -97 -2 74 -38 -90 -44 72 72 20 3 92 20 55 -99 -82 -4 -76 49 45 -74 
-50 25 97 19 -73 79 62 90 -62 42 92 18 -13 47 -36 6 59 47 22 -4 -58 100 -35 92 -16 -19 -42 63 80 82 -34 -97 -47 49 -87 -62 -77 98 -38 27 19 -61 3 -62 30 36 89 -49 57 -69 -61 67 -49 7 -27 45 22 64 9 20 -92 90 41 -76 -76 24 32 -26 48 0 14 -74 3 73 20 -91 88 35 -52 9 -78 0 -26 59 -33 2 -29 94 74 12 -87 2 6 -60 -28 97 -2 -84 -96 -66 
15 94 30 -68 -97 -56 -58 -40 19 -81 22 -51 -78 -6 78 -54 -39 5 -28 -83 -84 -73 20 29 96 -10 -70 -45 80 39 -24 -47 11 -64 26 48 13 -30 44 40 -70 90 -98 74 -38 -86 -100 77 2 47 10 -85 86 45 67 -95 96 74 45 -34 95 -31 -23 32 61 -87 -86 67 37 7 80 -81 54 -2 58 -86 -32 -80 43 -83 -63 14 -19 -31 -73 3 21 3 -25 -36 18 32 67 -18 92 -39 -52 82 -50 9 
-96 -33 72 -27 69 55 -44 -67 -6 92 -4 -90 32 -43 -43 -23 15 43 -61 -93 -7 91 80 78 -36 13 -36 -44 100 91 -67 -98 -3 -12 95 -22 -81 92 42 83 -76 -11 -97 20 -53 -55 27 -35 78 27 -6 -63 74 -91 37 82 -3 -43 42 17 -34 91 -46 -41 -97 1 43 48 -57 17 75 82 40 68 -92 45 -86 -15 4 100 -41 -68 15 -60 99 -51 22 58 -91 93 -84 98 -74 93 39 -65 -35 19 100 -39 
7 11 70 -56 65 -52 31 77 -31 48 -53 76 92 53 33 75 -40 18 -53 -64 69 58 -48 48 57 81 34 83 78 -49 10 44 -4 47 -8 72 -70 -41 99 11 38 -29 59 8 42 68 41 -68 41 -60 45 19 -22 42 88 -59 75 -40 31 -85 -51 -60 -57 53 -71 79 80 -48 -96 25 -19 -92 -29 -66 -87 -66 90 -26 -29 44 -32 71 -7 89 32 44 54 19 -86 -53 58 -76 96 43 39 38 -12 29 -74 34 
90 53 -93 31 47 64 23 -55 2 -2 -74 -33 -70 46 6 16 -34 71 87 -67 5 -52 56 -92 -90 -73 -50 41 -26 64 -29 -58 57 -82 82 64 -1 5 -54 -56 -58 50 55 88 -43 8 79 -6 -10 8 74 -43 43 3 11 31 -72 -24 -33 -96 -17 72 85 89 80 -41 43 -56 60 44 -18 -74 29 31 -50 50 10 -84 -17 49 -44 70 -15 -17 -1 -65 -89 -12 42 -74 -21 81 -90 9 98 -41 -43 -28 19 -71 
-95 -91 -86 -22 -31 75 -48 40 98 -48 -68 36 -69 -75 96 -90 44 52 16 66 -84 45 75 -26 82 -99 37 -53 0 3 46 -83 7 -6 -76 -93 35 82 4 54 26 92 26 28 -12 80 -34 95 100 65 73 80 -29 -66 -13 4 -49 92 -82 -69 97 98 94 -93 -74 44 34 40 42 -13 -78 11 -20 7 -79 70 83 45 -70 -7 1 80 95 1 98 -3 77 64 -67 -88 -3 -61 -34 75 41 -70 39 -71 90 -70 
-20 30 -47 -83 88 87 -51 48 -98 -40 91 38 26 -41 33 -43 7 60 -78 -96 -11 29 34 91 -59 -37 -25 -82 65 -86 -33 100 -100 -25 -99 -92 84 0 -91 -21 63 -45 7 61 67 -16 90 41 -2 98 -26 59 -22 1 86 -35 -87 -33 -49 -69 -4 -81 31 -13 7 -32 26 52 -95 95 -21 -86 50 32 -11 93 -86 46 15 6 -65 -82 -93 -6 23 -7 -4 88 74 99 18 -31 -1 -18 -65 77 -52 65 34 16 
55 -87 -87 -58 82 -100 75 22 -49 -59 44 -72 -82 -51 11 84 82 -5 -71 -36 -68 -50 -29 -52 87 -66 78 -64 29 -88 -75 -82 28 58 96 -22 -55 -16 69 84 -83 -88 -72 56 -94 42 90 -5 -12 -70 78 -65 13 -51 -100 -87 25 -29 55 30 -73 1 4 -86 -6 -66 -30 -22 55 58 84 -25 45 40 85 -63 0 -80 53 52 52 23 87 -58 -83 -40 9 49 -69 53 75 13 -3 7 -12 -11 -67 -65 89 -92 
-80 9 -47 98 68 -81 36 -60 24 27 89 10 -35 -81 40 96 -74 -82 68 7 -47 -29 -49 62 45 6 84 84 40 -52 79 -6 21 68 52 19 -92 -85 9 80 -26 16 -76 -70 69 65 58 87 -83 -99 17 28 51 35 59 -62 79 -53 83 -80 44 99 -46 -78 36 43 -12 -98 -93 94 49 69 45 -82 33 -17 37 64 -41 -36 -43 -5 -53 36 -13 -29 -98 59 71 -11 97 -76 42 -60 57 21 97 -63 98 -23 
27 89 -48 -22 30 99 -69 -29 50 7 -35 -47 77 -50 54 80 -2 51 -57 -24 -18 -93 3 -89 58 51 98 97 84 81 -59 80 24 -65 78 11 52 -36 41 2 -71 -59 51 93 -23 -97 25 48 76 69 -38 -2 50 -51 -87 -48 -3 -61 7 -90 13 -100 -53 90 -13 -41 14 36 4 73 64 -33 50 -53 49 40 30 -80 92 -84 64 43 28 16 2 -91 -57 -38 18 -63 -79 -90 70 -100 -70 90 15 -17 -28 -87 
41 7 -45 -33 -40 -22 37 52 -6 -30 -63 95 6 72 95 63 27 -89 91 54 -34 -70 1 32 -40 61 97 -21 -43 3 -37 -97 -28 85 0 -79 -87 -79 66 92 -27 94 -8 -64 -32 -45 73 -62 -19 14 21 -63 25 44 8 78 -74 -85 65 13 56 90 4 54 76 -81 -20 33 -21 -12 -27 78 -32 -73 -72 -71 -35 11 81 54 53 99 -51 -22 50 -51 23 -68 18 -1 -30 64 -89 -70 -58 -89 -3 -38 -37 -4 
-36 -50 84 85 -48 63 79 7 77 62 -23 -100 -94 -73 18 63 -47 -32 73 15 -96 -46 55 -24 -65 -98 66 25 -38 -16 -72 -76 -97 18 -26 -31 -18 98 70 5 -8 -26 -82 3 7 0 66 -79 -1 93 -99 98 -87 30 15 -31 -46 63 -80 90 -49 84 4 -70 64 -76 32 24 -74 -93 50 83 60 -14 45 41 12 46 -83 -34 57 -68 -72 96 26 54 -93 -8 36 -3 -14 71 -11 12 -44 69 -28 -91 -34 -30 
69 -14 86 75 -77 76 -73 -38 20 -82 98 -48 37 -16 -12 18 -1 8 -27 65 21 89 43 48 51 -50 -46 37 -59 67 90 41 -51 -89 -51 -13 65 -6 52 -94 -79 46 38 54 -51 -64 72 -78 -78 89 -60 -79 -50 63 46 -67 2 -59 69 -52 -77 -32 -62 -32 80 -77 42 -67 99 57 59 66 -39 97 19 12 -35 -44 60 -64 62 67 -22 -72 48 39 -56 -6 43 94 1 -70 81 -80 -92 -96 85 20 -57 1 
66 -6 -42 39 -70 -19 4 -100 56 10 72 -68 -45 97 -86 97 3 29 -90 -93 -52 -59 -89 -30 -83 -45 -64 61 -7 -96 95 98 20 -92 12 -27 -1 97 -43 40 -69 23 -22 31 -48 -22 75 -97 -74 -17 51 56 -98 -59 -55 36 73 -11 -53 -43 -5 -16 50 -77 12 -33 54 3 75 -100 -48 -84 -49 -82 -54 -80 81 16 -83 -21 -83 -48 63 -80 77 -95 3 -61 -9 -13 21 98 -48 -93 93 -96 16 25 -19 -80 
-71 -75 -16 -81 -35 73 -83 4 28 -94 80 -100 21 4 -20 93 -27 -100 86 -26 -96 -72 -32 -19 72 -87 -80 26 92 99 11 -96 -3 86 41 96 -81 9 23 -82 81 87 94 -67 -77 67 66 50 -44 99 -10 76 38 23 -98 28 -53 6 -32 -52 -70 13 70 46 -5 54 -96 -35 -70 60 50 -59 90 -37 -30 -66 -2 42 -95 -12 62 70 5 2 -15 94 -85 24 -77 96 50 2 91 -37 -5 73 1 -93 -11 -100 
-17 87 -78 2 -26 -6 -11 -20 53 -60 -40 34 -47 -12 -59 -19 22 18 -100 -36 98 -52 -41 7 36 -80 72 -23 -18 -72 81 -43 -100 -54 60 -68 -98 79 49 -29 78 -62 -76 46 -9 -72 17 72 -55 -38 62 -24 93 18 -78 95 -50 -93 -30 -33 17 -50 -24 -77 97 14 60 4 70 0 -47 -18 37 -8 -30 58 92 -52 -37 16 -20 65 66 -80 14 -63 64 80 64 -87 75 -57 -93 -27 -74 61 -54 65 -5 69 
91 15 13 39 -49 1 -95 38 -97 -43 64 3 -3 -70 91 -29 -11 29 62 -29 -4 -24 -87 36 69 -99 32 -57 1 46 -93 76 -5 69 58 -83 51 -82 23 -41 -96 85 85 43 24 88 15 -81 19 1 -30 -36 -3 61 -35 53 50 -2 -54 64 -49 -73 26 84 63 -63 -40 -33 21 10 46 -25 -51 -84 5 32 78 -99 -88 -19 73 44 -57 81 22 -70 68 66 86 65 -44 27 35 -66 -71 -11 -95 12 -99 86 
-76 64 8 -46 99 -81 -94 78 45 82 -19 12 13 98 44 -17 -44 62 -59 26 49 55 87 35 50 -90 62 -2 85 18 5 51 5 69 4 17 25 -70 -43 -49 -1 -62 -93 39 72 42 -85 -90 52 -25 86 10 32 -68 49 54 17 -14 -55 76 -58 76 -72 -93 -51 -6 45 -84 -93 -90 -32 -100 -12 22 -10 -91 -71 -13 36 34 11 -73 84 62 52 63 -12 -74 -77 -89 -91 -99 92 36 71 -39 -29 27 46 -98 
57 -77 -76 11 57 27 -60 -47 85 -64 -72 -48 82 -13 93 27 -52 -80 93 25 60 89 -20 -32 -48 11 -23 -27 -42 40 -22 -73 15 -86 -31 81 34 39 -2 64 -44 -7 92 27 -90 16 -21 84 77 -47 57 2 28 74 -50 -18 28 -44 50 59 82 88 -87 37 -85 63 -90 -54 -90 -58 22 -47 55 43 42 -93 -37 59 -86 16 16 30 -32 46 -67 22 87 27 -87 71 60 21 -63 -20 -87 -42 -40 26 3 29 
-84 -71 9 -40 98 11 -5 -95 -69 -33 -42 57 57 94 -80 37 -19 -46 12 95 -71 -59 69 29 -50 -87 -69 56 42 -19 15 -26 -95 -38 -70 84 47 35 59 -42 41 15 5 -9 26 -12 -96 -37 -92 -72 -33 -87 -41 -23 -90 -35 -45 24 37 -33 -69 38 62 -96 -79 39 -33 -46 72 59 62 -44 91 82 -7 50 89 99 -75 80 67 40 -52 -14 -54 29 -98 1 -97 -61 -72 31 -39 47 -40 -28 14 -62 70 5 
50 -5 51 -21 10 -20 -76 -42 -94 -3 86 -10 -22 -33 37 11 -99 89 32 -5 -77 -81 98 -99 -87 -53 86 -93 51 -32 -36 -95 -56 -40 -23 4 -98 61 37 93 -54 89 -30 94 89 68 -9 -59 -35 27 -32 89 -33 11 -87 -12 7 21 6 -59 -10 -84 49 -14 96 -17 74 -79 -77 -63 -3 16 13 -27 5 97 45 -44 -84 -96 -54 70 -10 73 -40 -33 -84 -91 93 71 -13 -72 84 87 -16 -87 -19 15 -78 -23 
-95 -79 -69 7 -5 -5 -97 80 -37 -42 44 -93 64 47 -46 53 7 69 82 -42 -2 17 -35 79 49 -59 26 -11 -19 87 -15 -45 92 60 -3 -96 63 -69 16 -61 -3 -91 69 -56 71 -62 54 -99 -14 -25 -98 96 36 -17 -2 -4 -77 82 38 -41 47 97 100 99 -51 3 -92 -23 -63 22 -39 -91 -94 -31 49 22 58 -4 -19 -98 97 -50 27 53 22 6 19 -28 -79 -5 17 -23 46 -30 80 16 -59 -22 -23 -2 
67 98 56 -22 -93 49 43 -79 -58 33 -83 -64 -12 -49 99 -49 8 -41 47 -24 -51 25 32 51 76 61 59 80 -98 9 -79 -90 -49 -25 53 -95 32 -41 -71 39 -7 59 -88 77 -66 13 1 -70 24 -28 -66 -10 -45 89 -65 22 5 46 -12 -60 -58 -8 5 14 41 -89 -81 -42 -32 73 11 85 -40 94 -43 -47 -78 19 51 -86 56 -16 0 -71 64 -73 77 86 4 39 -46 0 -98 12 -49 -2 -19 -66 57 -65 
74 -12 -67 60 99 87 46 -65 -70 -78 50 41 -71 46 -36 -42 90 -79 50 -45 -19 -66 26 -13 75 -96 49 80 1 -73 -8 -67 18 -87 1 14 -36 -36 87 -59 -37 19 -93 12 -44 94 79 -59 53 -12 -74 2 -99 48 94 -9 -78 -30 70 -75 -54 -33 79 18 18 59 -54 -41 98 46 -84 5 49 -14 48 29 -51 -56 95 38 22 38 45 19 94 -15 -7 1 -29 79 -25 -3 14 54 -24 -53 -31 -42 -13 -24 
-17 -32 23 -58 21 19 39 30 79 -6 -11 -65 8 71 -29 -89 18 11 -45 -2 61 46 -42 -10 12 55 -85 7 86 -82 -52 -96 -18 7 37 -6 79 63 -19 100 4 -12 -9 87 -36 -75 50 -17 79 -13 45 23 -84 19 -90 73 -60 81 42 -65 -100 -66 16 -74 4 -47 53 11 98 49 77 -8 -65 -27 -72 -18 -75 46 41 71 0 23 -45 64 55 -41 -57 -1 26 -29 -9 98 90 -41 71 92 -93 -90 17 -56 
-91 -58 -28 -31 -78 -57 -34 -46 -31 -20 99 62 -78 -98 -86 83 95 -42 -32 -52 6 56 -36 -61 -87 -84 82 -99 16 17 27 97 66 60 34 -83 -31 31 -38 -35 78 -40 53 -38 99 80 -77 -51 -30 -20 -8 -30 -21 73 35 2 -62 -77 -79 60 95 15 -7 -70 17 55 -98 43 100 39 -30 9 40 -49 57 36 56 77 86 4 -35 -60 52 53 -31 -98 50 6 -8 -83 -23 99 94 -81 -3 -83 -66 -14 -78 -55 
91 96 15 22 26 -7 -69 -27 -16 53 -100 77 -93 3 -60 51 -73 -67 -8 60 -63 5 -46 94 -100 -15 -26 -38 -60 -97 29 -46 -94 26 7 -29 40 76 -66 -46 41 24 -3 -89 97 -14 -95 -70 -81 -70 -95 95 67 35 81 90 37 91 46 -98 50 23 -15 63 79 -73 -30 57 56 65 69 -52 84 44 -37 81 63 20 59 -46 -76 -23 -69 -47 -42 -57 -12 -99 -44 13 -39 -52 -2 34 10 47 -65 -70 -64 -37 
-61 95 -42 -14 28 -1 -4 -31 28 52 15 59 -96 -98 -32 38 -61 95 50 -80 43 -29 31 16 -19 53 78 -24 -89 66 -89 100 1 -24 -74 2 5 -70 58 -51 -90 -94 -9 -7 68 6 -55 82 -66 29 -31 68 -49 20 -99 -100 59 -65 93 -80 52 -21 9 23 95 34 37 -47 6 81 39 -48 10 -88 -90 88 11 -39 30 -89 -12 10 -41 50 32 33 -18 -76 -30 -98 -92 -51 72 30 6 37 -81 -83 98 70 
-67 57 -98 -50 73 52 -47 -4 -4 9 -65 5 -1 -71 -32 6 -55 22 0 67 -30 28 -14 -16 79 12 -2 -13 63 23 -40 -62 -73 -49 -56 -46 5 -38 55 -74 -76 51 52 -34 50 -4 -44 -15 13 39 41 -8 -74 85 -7 -81 16 -82 66 -32 -45 79 65 -40 -45 20 -11 72 -99 32 91 44 45 91 -94 -88 -83 47 87 -90 -95 -97 -40 4 -77 -68 -29 -75 41 10 -9 88 14 22 -41 60 9 -89 -42 -98 
86 80 53 32 -64 39 71 -36 81 36 -76 60 55 -89 -37 28 -98 -92 29 -19 -59 -40 55 -52 60 62 7 38 39 -17 93 22 -13 95 49 -25 30 55 35 -81 25 -38 91 -47 43 -14 -92 58 97 53 -34 -55 79 73 15 79 3 -14 53 79 25 52 -60 -19 14 -53 62 -7 -81 -71 -6 52 1 36 -75 50 -3 -63 -64 65 20 50 21 90 57 -62 56 -64 78 84 -20 88 29 44 30 -44 6 -88 80 60 
