100
17 1 -56 -3 -32 79 80 42 -28 32 1 34 3 54 -10 -67 -35 36 69 5 99 31 57 5 -96 76 13 73 0 -65 2 -42 83 63 96 -61 42 -52 19 59 20 -54 64 -69 -33 -84 53 26 39 9 -7 -44 27 60 48 10 -37 59 78 93 -41 -94 -50 -50 5 71 -43 -80 7 -77 5 -46 86 -41 35 73 98 -83 90 3 45 -49 25 -88 80 -20 -42 -93 -82 -63 5 -24 74 -52 18 72 9 45 -66 -37 
-76 52 31 -59 -64 92 37 44 -22 -28 93 -50 83 41 37 -98 -37 -89 90 90 -42 62 90 -29 88 -99 -4 -61 -81 78 -25 6 71 -12 12 -72 -98 -7 -97 -86 -100 35 -9 -50 -50 92 8 69 71 -79 63 1 -57 92 -1 -32 20 0 -1 34 -25 41 -44 42 1 69 -52 87 -23 -81 74 51 -48 12 -18 -36 68 57 96 -61 -57 79 -43 3 7 89 -76 -61 51 -24 49 -10 -66 84 32 -75 -75 83 42 35 
96 96 -84 26 -77 -86 -76 41 -38 39 84 -94 -9 32 -20 34 -13 -29 -36 15 88 -18 -26 86 64 -41 26 55 -37 58 -85 -99 -88 -78 -22 68 88 -23 60 54 71 -56 71 29 74 -63 -70 13 36 93 79 -97 -56 -93 14 33 -91 49 -11 -65 31 82 85 69 -40 -80 -47 13 14 60 -48 11 -65 -100 38 52 -18 -84 -6 -45 12 -74 33 93 -63 26 -61 1 95 -19 -49 23 -23 84 4 -29 -69 -20 -87 53 
25 81 -27 -35 -37 57 68 -79 -12 0 35 -27 4 80 85 44 -94 -11 -80 -74 -15 31 -60 -23 57 54 -4 91 63 -82 -60 -47 19 -30 87 9 29 69 42 60 -94 97 -55 73 -57 -31 79 39 15 11 44 -28 29 -36 2 -82 -57 -95 -16 -10 -99 -61 27 5 -89 44 -63 78 80 -73 70 36 63 -77 -44 -39 69 100 38 -82 -5 -17 87 18 98 0 -59 -4 85 -77 -76 87 4 -67 -77 49 -87 87 85 -36 
-25 -78 -78 -26 11 -55 57 2 -93 -92 10 66 -74 -25 -42 29 70 85 -47 53 45 98 67 -81 -90 -18 77 71 45 -87 85 50 54 -32 47 8 74 33 -31 -26 61 -27 48 45 92 -100 50 -74 -40 -45 -84 -28 -79 60 -51 -57 -84 9 42 62 64 11 53 10 78 -81 42 -46 -29 59 -12 87 80 -98 45 20 -23 39 10 2 7 -48 -61 64 -85 75 32 -10 -71 -63 37 -49 -78 -33 -14 -71 -66 -64 85 10 
76 83 -66 -14 54 -89 83 0 -20 -11 -6 73 42 -17 -41 -47 -17 -16 -2 -84 82 -100 -81 11 80 59 -17 26 -62 92 24 -81 -66 16 -58 -86 -57 91 -15 -42 -23 31 61 94 32 27 -100 56 47 -95 59 -26 26 -95 -58 42 -52 42 94 -88 32 68 -20 7 -8 65 -20 63 -16 -1 -68 89 77 90 -88 84 -24 -43 -69 -69 -45 6 -82 -25 96 -65 -45 -51 2 8 -52 33 -72 -56 7 68 40 56 -21 45 
94 58 15 -77 92 22 3 -84 -18 -86 -16 -74 -59 41 -78 92 36 -7 47 -66 98 72 -29 2 -76 -93 26 -100 -89 -81 -69 85 88 -63 -54 83 -80 -4 -10 4 -74 40 -98 -46 4 91 -44 46 -31 -28 90 11 -77 36 -5 -63 35 -74 -53 -6 75 -43 5 -19 16 -8 21 20 71 -78 -71 -100 29 32 81 -37 -28 4 69 -89 86 58 -41 45 -53 44 -25 82 -62 -8 73 13 17 39 -92 93 -18 -11 59 -97 
65 3 -21 59 -60 55 62 -85 44 -63 -69 77 17 58 26 13 -83 31 -27 -2 -72 -4 44 27 -49 99 34 86 -99 -89 65 -7 3 43 -64 -1 -78 -50 -72 -33 66 -24 -22 60 -48 -73 -24 57 74 28 -53 22 -25 21 -65 -29 73 24 -21 0 -33 -49 62 -43 40 14 77 88 96 -20 18 24 -43 95 67 63 75 46 -8 95 28 -92 81 56 -16 -48 -27 91 11 -29 -14 -44 -58 -91 45 -41 -17 80 25 50 
-72 -86 -74 19 81 2 -87 67 -38 -13 15 -72 67 -87 98 -47 -23 12 -21 -99 32 29 6 -50 -85 91 -65 -29 -20 -46 -10 -25 -9 -89 30 14 -56 28 -27 17 -32 72 -56 -81 96 80 -11 12 41 71 81 46 -71 -6 -11 -80 -6 96 60 99 32 89 -45 70 -83 85 86 79 -35 -33 -5 -14 86 99 11 11 -90 48 -13 -26 -99 -21 39 63 72 -79 0 44 90 8 25 -55 -43 40 27 80 59 13 -12 -69 
-42 -26 39 2 -80 -70 36 -30 -72 68 64 38 9 -23 -92 -41 -68 -70 -44 65 -94 26 46 22 -1 82 16 3 74 -39 -82 64 -81 58 38 -40 45 -50 27 -20 60 -58 -25 84 -3 48 -97 100 15 -40 13 26 -62 43 -85 12 -17 20 -74 63 29 -85 -17 -75 -74 -66 1 -12 4 -40 46 -5 57 45 -80 85 -50 50 -10 -13 -91 34 78 -9 -90 -52 -28 77 -45 -95 -34 -79 -96 -85 -2 -15 78 84 7 -100 
-10 -27 -41 15 13 51 -56 -44 -75 -46 28 -43 -3 82 -85 1 -34 20 44 1 -19 -1 57 -90 -9 -56 81 -10 59 76 -87 17 54 2 34 90 28 70 33 18 -33 -30 -15 -34 18 100 70 54 11 84 -43 3 -89 12 -73 39 0 -48 14 52 -65 -16 18 72 -96 94 -92 38 71 0 -66 9 100 48 75 -38 24 -47 -55 -84 -12 -100 -20 73 90 2 65 91 -76 -80 -68 95 -54 -32 -83 -27 -10 -32 27 45 
-93 -40 45 -55 92 22 29 -98 29 -22 -56 -80 92 62 14 34 82 14 -27 40 95 -53 -80 -34 -8 -47 -83 80 50 18 -95 34 -71 -24 -49 64 29 51 24 -73 -45 -85 -44 38 15 8 98 45 -98 -22 87 79 98 56 26 -38 -7 -88 99 19 -94 -33 -59 76 -28 -25 97 35 6 77 19 89 25 -76 -25 70 49 -10 -39 8 90 -16 23 45 -88 -85 -49 43 -19 95 -84 -12 -51 -69 -3 -46 -35 10 -5 -47 
-66 98 -49 26 88 -14 -55 50 70 67 -75 35 -28 19 92 -46 -85 49 90 -23 -91 -31 -35 -28 40 -26 -51 -20 26 -83 48 -56 56 -86 81 39 67 -57 -71 -66 -35 -13 -26 62 -37 70 73 -82 81 37 -3 48 72 -10 -26 20 -69 -92 69 -94 -9 -57 -57 -98 -77 21 19 40 -58 -80 -15 40 -93 56 61 57 1 38 -57 78 -98 91 -54 -47 -75 -74 -32 -40 3 -7 93 -68 17 -88 -73 -10 90 23 -27 96 
-21 -28 -100 70 63 -3 7 16 -44 50 7 65 -81 -71 86 7 90 -9 -12 -45 -95 -60 -41 35 -26 -93 -22 -16 -84 -23 23 61 82 50 26 2 -89 -43 41 -15 -79 -30 2 63 45 91 -87 80 79 -87 7 2 -20 -19 28 -28 -47 2 88 41 62 74 -63 -70 -68 -43 87 -7 -20 32 54 -35 19 80 34 88 65 -14 -14 -55 -94 -78 85 25 -52 29 2 -41 4 17 14 48 -20 -25 70 -36 28 -99 -93 -56 
99 95 -71 -50 -75 92 2 61 -14 -14 21 90 -32 10 -65 76 -47 -36 -54 -86 9 0 -45 4 -93 -43 -78 65 21 40 -76 -30 3 -7 68 -14 -69 13 3 28 -86 -73 70 27 -19 47 -65 63 1 36 -37 -16 67 -92 46 -76 17 97 22 78 56 -25 -3 78 72 19 3 36 -92 18 -65 -58 56 28 -98 86 -32 -32 65 -45 -32 -88 -23 86 95 74 -42 71 26 -73 -82 18 5 29 2 46 -82 -87 94 -80 
7 77 -81 64 47 58 -26 66 97 39 -33 -93 64 -46 -47 -78 2 -37 4 29 81 -97 -14 -6 17 -100 33 -9 -44 -21 50 -67 62 74 -40 -88 -46 -73 -30 -3 2 -11 60 2 -73 15 74 -68 72 90 68 -22 79 7 -35 -18 61 -96 -71 55 30 -66 53 -48 40 -83 62 -64 -12 89 -58 -48 -77 49 -60 28 -23 -100 -82 -56 -95 -83 11 -57 93 7 99 31 46 77 35 -90 84 91 27 -20 -74 -97 -44 8 
-36 -76 -96 -95 -79 -50 70 -83 -59 15 -52 64 -10 2 -44 -75 -63 -89 18 67 -80 87 -47 -78 79 73 -97 69 -78 -2 -32 -29 91 6 65 -54 29 -92 29 -50 -88 -44 -71 -45 -75 25 -82 23 -43 21 -47 49 -28 -67 -22 35 86 98 -4 -44 94 8 -71 87 -42 -98 98 73 -4 56 62 51 -32 -96 -8 -44 6 -34 -68 75 19 73 -65 72 78 31 14 -60 26 -89 41 -23 -2 -4 50 1 33 46 -23 -70 
26 58 18 -86 -8 33 -37 55 -3 68 3 50 -44 -28 29 -40 56 54 52 91 -36 86 -50 -62 -75 -92 -26 -57 42 80 -31 1 -40 48 -53 77 48 47 -100 -76 -70 53 92 14 -9 -58 -17 -91 -11 -52 -73 -87 -12 35 70 22 82 -15 95 -97 -89 -35 3 -76 38 81 61 12 76 33 -53 -78 100 -40 -50 -53 -10 6 43 -77 -65 95 -37 -65 92 37 79 67 -10 15 13 -87 58 87 15 -99 -70 44 -11 -22 
97 -50 56 -84 -65 -100 31 84 55 61 85 -62 -22 22 29 -89 -96 -31 -14 -11 -2 -4 -22 94 -93 34 -72 -38 61 51 -4 51 -25 -72 -57 -78 64 58 91 3 22 -64 -68 100 -68 18 -92 87 -23 9 47 -49 -26 -63 -17 11 -1 41 -94 -9 -43 -5 51 -94 -66 7 21 78 -27 77 -83 -26 -2 96 8 41 -34 -97 -4 -65 1 74 -77 33 -50 3 -75 14 32 8 -39 79 15 2 6 -91 91 31 23 54 
29 -69 81 -12 37 35 -23 -30 -41 50 82 64 -32 -62 -34 -19 -43 -62 -23 -87 10 -4 72 -93 -21 -30 98 93 -20 68 -74 -72 59 -12 -14 10 18 -82 1 63 25 90 14 86 -96 -39 -62 49 -13 -7 -15 72 -24 -72 28 67 41 -16 83 25 -33 99 -32 56 -46 -2 81 27 49 -50 25 39 -97 -84 39 -84 91 94 21 -80 92 17 45 -45 -52 -84 32 -76 16 38 95 -17 97 -94 -77 79 81 78 23 -40 
-23 -26 -65 -76 79 34 -95 -22 -85 41 -58 -26 -21 -23 11 -3 89 -81 67 -88 54 -45 -95 24 -2 87 41 -81 88 -99 -55 74 -25 -25 -13 73 -52 -2 90 18 -43 97 -52 35 86 6 68 -3 42 -4 -70 59 -90 -72 -89 89 -10 -18 -5 -23 -41 -31 -37 74 83 98 33 99 34 52 27 -76 98 -66 -91 -68 61 -45 86 36 -69 -42 -30 91 -97 -33 44 -96 65 -72 53 -93 29 -95 28 -42 -56 -99 -97 27 
74 -99 -54 3 35 77 58 39 -55 -77 4 -100 -13 75 92 -75 -66 30 -17 84 -88 73 -62 0 -32 -23 -71 52 -28 -90 98 20 -98 82 -86 -77 -92 -40 57 -82 42 -17 -44 97 -8 4 49 69 -78 -37 71 78 -20 -3 -68 -79 87 32 36 -39 54 -29 -81 98 25 39 -97 68 82 -97 -10 -48 84 -100 53 56 -18 -3 -21 45 -8 -61 62 -6 -25 -11 80 99 82 82 -1 -68 -25 8 -39 0 -62 -97 93 -39 
-2 -7 99 -26 50 66 -72 -63 -81 -14 -51 -36 -91 -17 25 -7 -26 -63 56 28 -47 100 48 78 2 -29 4 62 0 -93 86 -61 22 -94 7 -71 -15 -64 -13 -41 -5 84 73 -63 -12 30 -77 -27 -20 4 97 16 95 49 15 39 45 4 -36 -33 -40 -63 -71 -30 -13 -39 -9 -53 -11 -86 -17 54 -85 -7 -64 -57 26 23 -67 -5 65 -36 -11 33 52 61 -91 39 1 23 68 -23 -34 -46 19 98 93 -53 -60 -74 
-87 31 38 17 40 32 57 15 -7 99 11 -33 71 -96 -97 -38 -57 -35 -45 73 44 -77 -90 -59 -12 8 -30 -83 -35 -15 17 44 -86 -87 -33 -18 20 6 -88 62 73 65 75 -10 -28 -48 88 51 -58 -90 -44 -95 2 -84 67 -51 -7 78 83 42 59 -5 59 2 83 -13 94 17 55 11 -96 87 -10 -25 22 -37 -1 -83 49 -57 -1 24 51 47 -23 -42 34 -50 -36 0 10 59 67 100 -12 -52 -55 -39 90 15 
88 -3 -17 82 62 73 -50 17 32 93 59 -9 -47 -23 -18 24 -98 -78 -52 -30 -59 50 -2 23 20 -24 -10 59 -99 -61 -73 75 83 38 5 48 -10 -18 91 -39 -34 39 -56 -46 -84 -28 -63 -67 -30 -25 37 -5 -88 89 13 -13 7 50 -57 -32 68 -4 -37 16 74 -89 -4 -3 -5 -63 30 87 10 -85 75 80 55 -11 -41 3 9 -93 -93 -54 -30 -99 63 -68 -69 39 -81 -13 80 87 57 -74 -2 32 -76 -90 
-19 -17 46 -61 48 -49 -41 41 -90 -19 -69 50 75 -7 -41 23 -96 39 74 -53 -49 -98 93 64 -24 7 -32 -17 25 33 -45 -41 -85 66 -19 -28 49 -21 -81 36 91 -1 -77 100 73 90 -68 24 -24 35 -27 87 59 2 -26 77 66 20 77 -42 -25 -68 73 -65 -42 91 91 35 -59 85 5 44 -91 97 30 60 92 18 -17 -78 12 -78 -24 61 49 46 -72 -44 10 99 -72 44 -61 -9 -68 -82 -20 23 -29 -1 
8 91 -40 64 -80 7 63 -48 -93 3 -70 -8 -50 -35 94 -84 29 -37 80 63 -91 -84 -90 -6 -98 74 -84 -68 75 -40 -100 -74 65 -60 48 28 43 -41 33 -75 -60 42 93 -30 -7 -61 31 -58 -8 -29 -44 -65 -2 -75 55 69 54 4 63 11 93 -35 -80 23 94 21 -40 64 -15 51 37 -5 -30 76 -86 32 29 12 56 -78 60 47 47 60 -14 53 7 16 52 31 73 -3 82 84 59 -68 -17 -79 57 30 
8 49 4 90 40 63 10 54 -26 -47 41 -71 -11 -59 -44 -91 -81 98 30 70 -96 14 -67 -45 -98 -32 -63 20 -62 76 99 -57 -38 18 82 -86 23 -15 89 23 -30 -6 -87 -82 13 -31 -78 -81 -75 75 -74 -79 70 21 -61 49 -80 -89 -5 20 29 -19 -76 -52 -45 14 85 -61 -23 -68 -32 -16 55 -16 82 96 23 -76 57 -53 32 47 14 80 36 -12 -2 -33 -67 -72 47 14 20 -57 -54 81 40 -42 28 -41 
67 -69 3 65 48 59 -57 15 -100 50 -18 -83 -38 -82 25 -96 -76 81 75 -69 49 43 -9 -16 93 -55 -38 56 -21 -60 -62 97 -87 -50 -6 -91 65 -38 -39 38 -69 -17 -2 48 87 -17 55 98 -42 -50 -9 95 45 -63 34 26 -98 86 8 -95 -31 -64 83 28 98 37 -77 99 7 -38 53 42 -30 -38 28 89 52 -84 -71 -70 8 -7 -88 52 -48 41 -31 -22 -46 -97 92 -62 51 -24 -21 25 19 -45 81 -99 
-91 -33 -76 43 -31 -93 52 -69 -49 -97 -2 -17 39 89 92 53 -39 21 -86 -27 -9 -87 -30 -70 99 -23 29 50 -36 30 78 68 -83 27 -47 61 -54 -94 32 40 4 -30 -2 40 75 -49 50 43 -96 -65 -16 78 -87 12 89 -39 -88 45 -66 -93 -40 -22 28 53 69 58 -61 47 72 29 -62 2 -72 -97 -8 -91 -87 -34 60 -82 29 -72 -58 -17 -31 -80 -86 -2 -61 66 63 -20 66 70 39 24 37 -75 -99 -34 
-67 1 -59 10 -96 78 98 -2 -76 31 -91 -19 27 80 -9 9 -38 27 24 -68 17 79 12 51 -27 -34 -69 -49 -18 -94 63 -66 -51 30 41 69 -34 88 -38 68 -3 -27 -2 -23 -56 89 -61 -47 -6 34 21 -36 -78 -79 -44 -59 0 30 -9 -51 -43 5 37 -22 64 70 -41 44 -12 18 -17 36 -36 93 -17 8 -16 -99 68 -32 -66 -75 16 -98 99 94 -24 -98 -93 25 46 -46 -91 -70 19 -25 -78 29 87 86 
-71 83 4 3 -48 9 73 2 -47 -96 -52 -82 -4 7 58 -94 26 -33 87 49 -2 -67 93 -76 94 21 -50 -25 73 -43 83 5 89 29 -95 -46 57 -54 41 38 37 -76 -92 52 -10 -74 84 66 17 -55 3 67 45 -88 18 6 30 -66 -83 52 -57 16 9 -74 -64 -13 -37 -12 23 62 65 -35 -45 92 27 99 57 68 24 89 -69 -17 99 33 -18 12 -26 -32 -23 13 32 -100 63 27 -35 -92 88 28 36 98 
-23 -51 97 -35 1 22 16 -20 64 -65 27 98 8 -1 -98 -87 -43 86 98 37 97 45 81 81 96 -79 -34 -25 -40 -14 5 22 13 -77 46 -22 -50 3 -22 73 -89 -24 -99 61 -63 -29 -41 -43 34 39 13 49 15 -19 45 75 73 -8 71 89 50 -89 -32 -23 -49 10 71 62 -34 80 79 15 76 65 -28 97 55 -40 -58 -92 -31 10 -55 -47 57 -85 -57 24 -7 6 -14 -48 -72 66 3 94 91 -25 -49 48 
-56 95 88 14 -85 -50 82 -35 8 70 -4 -47 99 97 44 90 99 67 -35 69 86 79 -85 71 -44 73 30 -66 76 -69 25 20 -94 92 79 69 -89 15 75 -26 57 79 72 -20 -55 86 -81 33 9 -78 55 -13 -47 1 34 31 -63 -54 24 52 43 -52 -6 59 49 52 82 98 -1 93 -82 82 12 9 59 95 -55 -82 -11 -6 99 82 -13 3 -86 87 6 44 -1 4 -56 4 61 77 -93 90 -52 10 -31 -11 
-44 -10 59 -28 93 7 -61 -13 49 20 61 77 29 -24 84 -24 -81 22 -42 -92 29 -86 -63 25 -65 7 -12 -78 85 10 41 -11 -90 90 31 40 -66 90 21 -54 81 97 -89 -21 -23 38 5 -85 62 -9 -48 -87 2 70 48 -19 -75 39 -80 46 -90 -13 -29 -81 -40 34 -77 100 27 -9 -3 -86 -29 52 -95 63 -42 7 -27 -13 -40 -20 49 86 -65 -87 -4 88 83 17 57 78 99 -58 -30 -96 -27 11 -34 -84 
-82 12 -60 6 -10 -97 28 -28 -69 -54 10 -10 -17 32 -64 61 74 -59 22 36 58 -35 87 59 86 38 -99 -54 -59 -7 90 -37 -98 58 86 75 34 99 -56 63 94 -95 -79 -89 -47 -18 12 71 -11 -64 53 -57 33 86 -66 30 -94 31 -54 -67 50 -28 -50 -46 -16 -88 55 -74 -16 11 35 -92 56 -44 -11 -55 34 -92 -65 -49 26 -2 -7 60 22 -56 -55 46 -44 83 -7 64 29 58 -97 36 82 33 -18 62 
-27 -22 59 -43 50 14 59 32 63 -20 97 41 -45 -96 -37 -98 -71 50 -10 -60 33 -71 -64 -52 91 -4 -64 -34 49 97 100 84 -13 -60 69 -54 -91 50 80 -95 38 16 91 22 85 -30 54 87 85 -28 79 53 80 35 77 12 -78 -62 91 44 6 69 -91 -83 72 -34 47 17 67 21 -3 -56 25 39 61 43 33 68 -90 -48 -59 -32 29 -78 -42 33 43 -72 93 9 49 -99 44 -67 -33 91 49 -49 35 38 
-53 15 -49 -83 24 97 -55 26 -57 15 -8 -87 -96 24 42 64 -50 61 29 52 36 -22 -68 84 -8 -91 -2 83 -63 48 -98 44 -9 98 66 18 50 96 70 -13 60 -8 -13 -6 -7 78 61 91 96 -86 -66 57 20 -65 95 90 16 45 29 20 3 51 -20 75 74 -85 -60 84 56 97 -73 -48 -62 66 -51 13 27 -62 49 81 75 -95 -19 18 84 100 25 96 92 99 -25 60 97 -41 93 9 -23 27 13 -67 
57 65 -72 -48 55 -74 -45 -29 52 -33 -99 -59 -70 -76 -16 33 40 -30 -70 48 48 -2 -82 -24 -72 -52 -21 1 -87 67 -37 37 -49 -15 30 17 95 -2 0 45 -49 64 56 33 -95 -86 -94 78 15 -42 -35 -35 -4 40 -89 -24 56 95 14 40 -40 74 97 56 -79 -7 62 -1 -46 29 6 -20 -48 100 -39 57 22 100 -49 25 -54 41 -1 11 -36 100 -13 -33 94 -12 70 -59 -1 90 14 65 42 -15 -59 65 
-64 -62 9 -1 -4 33 87 99 -54 27 14 -35 -41 -59 -79 -23 42 -41 -15 -35 -93 99 -99 27 -52 18 64 85 41 13 -82 86 80 -86 -11 -69 17 73 37 63 -29 39 34 32 -63 2 -93 -78 75 -40 -71 -41 -83 -42 79 -78 12 93 -91 40 18 36 -45 61 20 3 33 86 -56 52 41 32 -55 89 27 -97 34 95 1 59 -77 -95 -40 -45 81 91 -77 75 91 -8 -30 33 -20 -85 14 -72 -52 57 -93 -89 
31 99 -99 36 82 71 -29 13 -31 47 -25 -1 -1 -23 29 23 -26 -61 -8 -39 -52 -7 -93 -18 -75 -80 -85 -7 100 -100 -55 22 96 81 10 98 73 -35 -34 67 66 -8 -51 65 -33 -28 17 -66 35 89 -34 31 44 82 -35 62 94 52 -96 76 4 38 76 -77 46 -52 -10 -65 -17 -87 3 31 -13 26 -88 48 99 -48 75 -86 95 46 92 -92 -89 -1 -94 92 25 3 -92 -43 78 -66 -43 -83 -29 78 -55 -24 
-40 26 -27 -28 96 -82 -98 -87 48 -8 46 -10 -97 -5 15 77 40 -66 -46 -78 63 -63 -81 -66 -87 9 -52 2 -44 -3 -86 43 -53 -99 -60 -29 7 -13 36 58 -10 -92 -45 16 -37 -40 -46 84 81 -75 40 -56 50 69 -77 89 -60 -78 -54 -96 -71 -29 -4 -38 98 87 38 97 -15 -36 -25 -29 25 72 -72 -83 -98 -92 17 37 37 -78 45 66 -83 40 19 78 61 -88 -31 96 -1 -97 33 -67 8 -70 90 37 
38 69 23 -36 29 -11 56 -76 92 -36 -49 -30 89 3 43 -69 -10 -74 -41 -10 -2 -8 64 43 -85 65 53 50 95 83 -50 69 -65 -32 -72 13 -82 -33 -25 -55 -66 -72 13 -95 -74 31 -86 -93 8 -34 71 75 25 48 42 -34 36 30 -58 39 71 19 -97 44 31 -59 58 -23 -34 91 -76 -92 -1 32 -5 17 -71 68 -56 84 100 9 32 72 92 -91 -29 59 60 -25 -47 -22 26 -36 -87 -93 52 -2 -60 21 
-12 -22 -9 -26 59 -50 28 -17 46 -61 -19 99 0 50 -59 -32 56 -72 37 66 -37 87 69 -57 -74 65 -44 -54 -25 46 -70 34 41 -78 46 -5 45 52 -76 67 38 72 -2 81 -24 60 -71 37 39 -32 74 -83 -90 76 -76 49 68 34 -15 -19 -41 -37 85 22 87 -87 -37 36 57 74 38 16 78 66 80 -21 99 -24 -46 99 82 -75 -2 -31 96 7 58 -32 -59 -17 -40 37 -49 40 39 98 49 -20 72 1 
13 53 3 -61 11 72 86 61 6 -67 88 66 -88 -50 22 -24 -78 68 9 10 -49 73 -18 36 86 9 68 -40 31 -99 68 -1 -39 -91 -37 -72 54 -77 -85 -30 -74 -58 -66 -63 48 18 -86 -41 8 -78 41 95 77 -17 48 -40 53 72 51 -67 -99 -12 93 23 97 30 97 -76 -43 -45 -55 -12 -93 -90 12 -99 58 5 -61 7 65 76 12 -91 62 32 -17 14 -72 -51 63 -12 1 -38 -60 -9 -88 92 -10 -39 
8 -51 41 60 -46 -73 65 97 99 -62 -91 60 49 -100 -15 -14 37 -20 97 25 72 -38 -23 -63 -49 14 94 -30 16 -68 -28 -60 38 38 27 -51 -17 90 -76 38 -51 -65 -31 77 11 89 79 36 -63 -68 78 -23 34 73 -10 32 94 -57 -61 -83 -56 -65 -84 88 79 -22 2 4 -37 13 -13 -25 0 -72 95 41 86 -91 -50 -34 -14 92 -92 74 8 51 -29 -78 -49 -14 -66 10 33 50 -18 -89 -77 29 29 34 
0 -97 70 41 -91 17 -48 -33 63 14 -57 -91 -95 -68 -66 -73 66 -41 -4 -40 -87 -24 10 -94 13 20 33 -8 54 -3 -3 -30 84 92 -87 76 5 27 -69 30 12 12 -32 -12 54 -26 19 3 -55 -92 -60 34 8 -40 11 81 90 19 -74 10 -23 -48 -34 54 -23 14 94 -32 90 -66 -18 -41 83 65 54 -5 12 -21 -7 38 -99 -1 66 51 33 -95 82 41 93 100 24 13 32 34 -15 -94 38 -27 -73 -38 
57 71 83 55 -13 84 -18 8 81 -99 -75 89 64 34 100 74 -15 21 -6 -44 76 17 -17 -25 50 17 81 -49 9 22 71 18 25 -48 -79 89 -62 -64 95 14 -77 76 62 -50 1 80 4 -50 -51 64 47 35 94 61 -41 -80 -46 33 -54 33 88 -11 -8 84 -36 36 26 -6 58 10 11 63 -29 -89 -72 91 66 55 -7 -18 -35 -35 51 63 -55 45 -11 -96 -87 8 3 -98 -1 -21 -99 9 95 4 -76 -76 
95 -59 26 74 35 -29 -91 33 -72 97 93 88 75 46 29 60 34 18 -95 -30 95 -16 72 32 22 -99 -77 -61 -45 65 -66 7 21 41 -70 -17 -11 -72 22 21 -32 0 -61 -72 40 -19 13 69 -6 72 16 -17 96 82 61 -19 17 18 43 -63 -36 78 -45 -41 21 -35 78 -64 -65 30 9 18 -46 91 -44 10 63 37 -79 64 -27 30 -100 -57 -76 83 100 -53 61 -99 29 -76 -22 5 -93 12 -33 34 -94 -48 
68 53 50 50 -12 -91 -28 39 90 -34 -78 63 -76 -87 -90 -40 38 -93 -96 1 -34 4 53 59 95 1 -32 -58 63 -15 46 -95 88 -97 -72 -53 -55 47 100 25 51 29 -93 -44 19 -2 30 -83 -27 48 52 49 98 -74 -81 9 15 77 43 48 -37 -31 67 60 -92 66 -87 34 -38 4 91 100 -89 -17 -39 -32 75 72 -60 29 0 -98 93 27 -64 91 -49 -74 -72 24 -58 -51 -28 -94 51 -30 40 -64 -18 -22 
50 76 80 15 57 -7 90 39 99 -26 -17 3 -94 66 -52 19 -30 -89 -62 -48 14 -99 -74 80 47 21 -28 -29 93 -58 -27 -71 82 -48 -16 91 -84 -99 -92 44 78 -34 73 12 -6 54 -96 -2 97 44 97 79 46 -96 86 85 10 60 -36 14 93 17 -97 40 60 -32 61 -49 -90 61 13 -62 -72 -92 -44 -78 -16 -33 -75 25 88 69 68 33 69 -64 -73 99 17 -15 -28 65 92 -38 -88 -34 -61 8 80 -13 
-43 -51 -11 -62 -85 33 37 68 -7 -51 65 10 85 -48 -90 -32 28 55 83 -17 66 -27 -56 -1 3 37 -53 -47 56 -85 24 34 56 75 100 -1 63 -52 75 -48 -61 53 46 46 -35 61 -1 -73 71 -72 28 -78 -65 -26 51 -99 86 -50 -55 -75 69 39 12 59 -69 97 -58 -30 7 -1 -40 -57 31 7 70 -61 -87 -22 -63 -91 -89 87 96 25 61 16 78 -12 63 19 -66 33 14 44 77 -59 -87 7 31 9 
-92 -79 68 58 -57 16 -85 93 58 24 -40 21 -100 23 -84 62 79 -90 35 -3 35 10 -32 92 57 0 26 -33 97 56 20 -68 8 60 -30 -72 -31 -96 -51 -80 71 -27 62 -65 -29 -90 -48 -19 51 -65 -96 -73 9 -15 31 14 23 -62 88 -56 52 -21 -39 74 -17 -97 58 -21 -14 -36 90 -73 8 -95 35 21 16 -26 -94 -98 -7 -76 49 69 28 40 -58 -53 -54 5 33 46 -4 -75 -80 6 -16 -43 19 -51 
-86 24 78 36 25 1 -33 -73 -19 -53 -25 11 -60 77 62 -64 -82 23 -88 -40 -30 41 -9 98 -34 -100 49 -58 -35 -38 -57 68 -31 54 -82 25 -77 82 -85 98 93 -40 83 28 67 -60 74 63 -72 94 -71 31 74 39 -65 -93 -19 -84 76 46 -36 -85 21 -85 29 -10 -93 96 92 59 -48 -48 88 31 7 9 90 -88 77 -22 -90 -49 52 -63 60 -8 34 -27 79 84 59 -84 98 52 32 28 75 -81 54 -61 
100 77 82 25 58 -11 -56 -62 -36 18 61 -71 31 9 23 24 -70 -60 10 54 -44 -84 -82 -90 33 88 95 -45 -99 -17 37 -94 -52 85 57 25 2 -29 -79 -80 -42 16 -87 31 68 -63 -15 58 77 -19 20 -84 4 -25 11 39 -4 -58 -8 -6 63 -70 -87 59 -48 -97 4 40 -46 -41 39 -97 6 -99 -89 82 62 -24 81 -17 -45 -54 -71 86 -61 54 13 -96 -76 8 -3 -42 86 49 -22 1 -42 -43 -57 100 
-23 7 -22 31 65 -12 98 -1 -9 68 43 29 -73 -32 -6 -100 84 -71 97 2 83 -94 50 -31 -86 17 27 -42 -43 2 85 -74 -100 76 38 80 23 -54 44 -13 63 65 33 -5 -61 -58 -86 -14 86 -100 -40 -80 -53 10 73 -88 71 95 -30 97 78 93 65 53 73 -41 38 38 -71 12 -25 -8 52 7 51 97 -100 42 42 12 -27 -49 -97 26 -6 -71 50 73 -24 -15 57 -33 46 -22 58 55 -24 -64 -56 -17 
12 28 -51 9 40 41 -66 -71 -75 -52 17 -88 -86 38 -81 27 -40 70 60 -25 -30 -18 -66 39 -12 50 -72 65 31 -8 -10 33 -44 -60 -42 8 66 -72 -41 56 -20 79 -18 -52 66 82 44 29 -68 -33 27 69 40 8 38 -71 -21 68 -62 -88 23 -21 47 46 1 37 35 -46 -71 -81 -53 -61 -31 46 -35 -75 33 38 -26 -63 8 57 19 -88 86 -99 35 -43 -20 10 -50 -24 0 4 -2 -94 91 -100 18 -7 
4 -56 34 24 -58 54 -100 -20 21 27 6 -61 -23 64 30 -79 -46 -92 -10 -18 -69 26 4 23 12 -57 -68 -5 22 13 80 -38 -85 62 -68 -20 56 3 45 10 52 -9 -19 66 -17 -88 -9 23 29 -16 -79 9 56 -42 -61 -5 -16 -16 23 41 -11 -47 19 -71 33 21 68 -14 2 26 39 -27 -63 -34 -31 69 -30 66 -36 69 -64 45 -99 -81 -93 70 72 -57 49 66 -57 -61 -28 100 -41 37 6 -63 -27 93 
26 -51 -75 -93 -43 -69 53 76 -52 16 -89 -86 28 16 -71 -79 74 95 4 -41 65 -4 -2 -23 82 45 44 8 -90 -99 25 12 88 -72 -4 -30 -47 -37 -78 -4 9 -88 75 100 8 36 -4 -43 -45 -96 -17 93 -84 42 -73 -84 65 68 97 -89 -1 63 -9 44 96 93 -96 -76 -69 69 97 79 19 33 31 -13 -88 65 43 -90 78 13 24 98 -51 75 24 21 -15 -47 58 -75 -90 -76 81 94 25 -90 39 -51 
85 71 -42 98 17 3 -79 -24 47 19 96 4 -42 -74 -69 62 -68 66 -64 -11 37 -90 97 43 79 76 -85 70 99 -98 79 -63 72 62 79 82 23 -6 -23 99 -33 -71 -4 -43 -66 -11 -45 -80 -73 80 20 -2 -68 64 -21 57 13 45 -45 -23 38 -64 -1 78 -54 -91 73 -26 -97 -59 -48 42 94 34 -90 -34 -81 77 22 -83 48 -47 9 55 -46 68 93 -12 21 -58 -47 29 53 -94 5 47 63 -55 -12 -78 
-65 39 -43 3 21 51 -74 -25 -95 80 98 94 -52 73 37 5 -58 -47 92 71 -41 -94 77 -100 97 -36 -75 55 -36 -16 -71 46 54 -14 -82 -13 -42 13 -3 -5 49 59 -47 -84 -76 -9 41 -43 77 -45 11 -89 83 17 40 61 -40 100 -44 -3 60 35 69 11 40 39 4 2 12 -71 -39 -83 81 72 53 -19 -54 -44 -83 -74 -79 90 -21 53 -9 36 42 48 -14 -72 -25 -77 63 4 86 -34 -43 -40 -42 51 
-1 -80 -64 -62 65 -15 -35 58 -60 -12 80 47 -98 72 67 2 97 46 15 64 -31 -70 7 -97 -12 34 49 -8 60 67 39 40 14 -10 82 88 -95 6 -16 46 26 -46 -70 39 83 -49 69 -40 -75 94 83 82 -9 66 13 21 36 14 80 -75 -15 55 -66 -22 26 74 -59 -36 46 -61 -72 -36 -46 18 53 69 -26 -68 72 29 65 -36 36 8 -43 -99 -31 47 -34 73 -45 35 -6 6 26 41 94 -3 -80 62 
92 -86 19 72 -25 -6 -19 -46 65 -60 44 81 -81 74 -42 70 -37 -67 -94 40 -92 -28 75 -36 2 13 -70 -93 98 38 26 -90 -51 -31 -93 89 49 45 -88 70 -78 81 83 19 11 -22 -1 -43 -47 -12 54 79 88 -28 -44 -5 -61 -31 -88 65 -96 -65 97 91 87 -58 61 -26 26 26 88 69 51 77 -23 84 -77 10 -66 51 69 -83 -74 7 41 -15 -71 -23 -96 -22 -65 1 60 -68 58 -5 -76 -42 -81 -22 
8 -59 15 -69 13 46 -10 -6 81 -83 57 -64 77 81 -95 96 69 66 73 6 62 1 -40 71 -39 -78 66 95 -97 72 29 -4 85 82 82 -75 -15 82 73 -11 62 -74 -49 -44 0 70 -58 -45 22 45 -57 13 92 -75 53 -31 78 -18 -98 -32 36 -72 14 18 67 40 -84 63 0 34 -99 39 -7 57 1 56 97 86 -23 55 -62 90 -33 26 -22 79 16 33 -70 -25 6 -44 -81 2 10 62 -17 -60 -60 -47 
31 -12 72 -17 -61 -70 -88 60 -86 -70 76 -62 -78 13 -28 -23 -80 57 -55 50 -98 -84 43 -20 10 31 70 -33 97 58 49 25 -68 15 -7 43 -35 61 -43 -6 52 83 -32 34 -63 -22 -12 22 -81 89 92 37 15 95 -45 -32 -45 -56 14 -11 100 -59 36 -24 -54 -33 98 -4 80 -34 64 1 -78 -6 57 -66 -30 -2 51 -100 -24 -1 -23 43 5 -86 -90 55 42 -39 -49 27 89 -24 81 33 -11 -79 5 -76 
-16 -66 87 -32 98 -35 72 -75 -21 56 -48 84 31 -61 -58 63 61 -62 -76 36 -79 -3 -64 51 30 44 28 -45 -18 89 30 39 39 -14 -42 -60 11 45 12 -10 59 54 -12 34 84 3 7 -27 -35 81 -19 45 53 -48 -58 -62 9 -48 36 -99 -94 -97 2 48 -71 -84 25 -36 -98 100 91 -48 7 -71 -89 88 -86 -73 -28 -2 15 33 -55 -74 -72 -73 -3 -27 34 66 -49 -42 86 -10 15 94 -85 51 -83 63 
-74 26 -66 -66 -79 -39 8 -85 -86 -79 -93 99 56 -83 48 -23 -68 94 92 -72 -4 3 -26 -60 57 -2 -56 22 -29 54 29 13 -61 40 -83 66 91 -87 -52 -90 37 -31 56 95 -81 59 95 -90 93 56 -59 16 73 96 -99 -39 28 -56 -76 -67 -23 62 63 39 -73 24 -71 17 -93 -33 -47 -63 78 61 26 -23 58 55 96 84 -94 -60 -12 -7 45 67 97 55 -49 50 95 -35 10 -21 36 51 5 11 -63 45 
16 -68 -41 -4 -48 -28 96 -32 39 -98 21 20 18 -68 -52 -63 -32 0 -40 -90 -77 -56 82 79 -8 21 -83 -7 -97 -52 56 -59 98 57 -91 -22 26 93 52 81 0 40 87 -25 0 99 -14 -25 -63 -87 2 -85 99 69 65 -13 -36 0 81 65 -23 -53 -85 -56 -64 27 -49 -62 -57 79 -15 -25 17 49 94 23 -50 86 4 -3 -2 -50 17 39 -71 -80 78 -18 54 50 -1 -64 69 95 57 -96 -90 -85 -92 -22 
-40 93 -41 52 -42 -90 -44 52 -36 -65 -78 -30 38 -58 -94 -49 -22 -9 4 4 80 81 -80 0 44 -78 -86 55 84 99 -15 79 -70 -11 73 69 95 22 -54 -16 -78 48 29 -75 54 -25 -50 -66 46 9 -87 -72 27 -62 58 52 -22 12 -3 -59 35 45 -60 41 -14 51 -3 80 -42 26 -58 37 96 64 19 80 -4 -6 34 52 78 -65 73 -65 24 -47 -12 -86 -45 -15 94 26 -64 -58 -56 69 1 -1 -2 94 
5 67 -39 -99 -5 28 -28 -19 39 -21 -29 3 26 -14 -92 72 -26 -42 81 58 64 61 -1 -100 36 -96 27 77 79 -84 -31 35 -96 -16 21 71 86 -81 -48 71 63 -93 18 89 29 -12 76 37 69 39 -31 -13 -69 -2 -90 -49 -83 30 -16 -67 -43 -83 -28 -25 25 -20 90 37 92 -92 -5 65 -30 58 85 99 51 75 -31 100 -28 82 49 45 -36 62 -40 -32 -82 -15 -61 56 84 6 -35 49 -63 63 -20 67 
-70 -28 -95 -17 18 -3 90 -92 -47 -18 33 -17 85 -87 -82 -19 -42 -17 73 -89 55 -4 -63 41 -71 -98 -4 -74 68 21 94 -84 -28 73 -3 -15 20 -42 -12 -84 -68 27 -65 28 48 -100 85 -20 50 -69 -23 -93 90 92 15 49 -16 -10 -22 83 90 -42 75 11 100 99 87 -69 -65 -87 -15 -70 -40 -65 55 53 -21 -74 97 18 -35 -49 -36 56 39 -94 28 29 -18 10 92 -20 -78 94 56 -61 -1 1 -83 37 
-61 -13 43 25 -90 -67 76 -40 -48 -77 16 -23 -100 -35 10 -65 -79 49 -94 47 44 -97 -65 -94 -86 15 -85 -54 -71 -85 19 -18 -33 -36 -98 8 -98 66 -27 9 -29 83 32 -49 -84 -49 -40 58 12 -76 21 96 57 -77 61 -38 43 32 68 -19 -11 -96 -68 -28 25 48 -15 39 42 26 27 3 57 -95 0 33 51 -64 -47 -16 -25 99 99 23 94 -44 34 -52 -91 77 -65 -15 -19 33 -43 7 -95 -4 9 -44 
86 9 45 76 -61 -52 3 100 72 -8 -5 -17 -2 -57 71 -25 21 8 -98 -67 -89 48 -10 -41 -31 -13 36 -68 39 -37 91 8 -35 3 -31 92 94 -4 6 -48 40 52 -80 22 -86 -52 40 99 69 -61 85 52 55 -50 -46 41 16 -81 -74 -59 61 87 37 -32 18 60 67 53 -85 5 -21 72 35 71 -56 -72 -6 -74 -91 94 58 -59 82 -53 58 94 -52 -43 -65 -10 -79 72 -100 0 -90 40 -83 -13 54 -36 
-67 28 2 -21 -44 96 99 -88 -99 -87 -78 -10 -38 -62 -4 94 3 -71 -54 75 30 -27 -78 -14 -66 70 -24 -84 -88 35 46 -18 -42 72 -80 -40 5 2 26 98 50 -79 -19 -57 96 -76 -59 -14 48 99 -32 -74 -7 -55 -2 26 95 70 65 -60 -69 82 -13 30 -46 -87 -68 64 -83 -42 -3 25 86 -59 -70 26 -50 93 10 -59 11 -59 61 -83 -60 17 14 35 -56 4 51 55 45 -53 94 -96 -7 -28 -16 33 
27 -27 24 35 15 -84 -1 -10 65 -84 58 -24 -21 -59 -19 69 -6 5 30 -77 -59 16 -95 -5 7 97 -27 74 90 -19 -45 26 -3 98 -28 -17 -14 -85 44 -16 65 97 87 16 -18 44 -20 -66 -67 -80 -70 95 -88 -18 -77 32 -14 81 11 -63 26 -98 -73 -11 -46 65 76 69 0 -71 100 56 99 -50 40 -63 76 -33 -77 -68 -92 -82 9 25 -19 -83 -61 55 -42 97 90 -21 -94 28 -10 -35 70 37 15 -19 
83 -90 33 -51 62 -49 -25 -46 93 53 -7 77 23 -4 9 -59 88 92 -32 62 -93 -80 41 -51 -55 29 -29 12 -92 88 14 88 55 85 -79 -74 -89 51 13 -91 -87 55 -49 39 68 76 49 7 -4 64 -21 95 -41 -3 -42 -41 -16 -64 61 74 -20 26 79 -37 87 83 -84 46 18 17 84 98 43 71 61 -79 -60 -100 27 -16 -3 48 41 -99 -17 66 54 11 -86 23 -99 38 -56 2 9 50 -72 16 -3 -62 
1 53 80 -16 88 39 24 -23 -18 31 -87 39 -14 44 -14 -12 -4 12 51 -44 -18 89 12 -60 52 84 -20 -90 -69 33 -57 -53 31 -49 -1 94 -94 -46 -31 -69 75 -27 -21 -98 -51 78 48 67 -89 -35 15 -27 77 99 22 -88 100 40 -11 48 -76 82 -23 82 22 -87 77 29 -34 99 69 6 -10 -21 85 26 82 69 -82 -98 83 65 46 -49 5 -53 25 77 -52 97 -78 -13 -67 -58 -88 45 5 -30 -96 -49 
-44 7 -49 -72 3 -93 30 -28 -20 74 -88 20 -96 61 -48 -64 -70 87 -60 90 85 8 -15 -7 -2 79 -11 84 28 -3 -82 -85 -39 -95 -18 97 -87 94 -84 -21 -84 -36 -85 18 -98 55 -43 -4 -12 -28 52 83 -57 52 71 53 68 98 79 -90 -54 -65 23 -80 -89 -12 93 81 87 50 -19 57 47 13 -69 -55 -10 -73 -37 -62 48 -63 -40 -79 78 -28 -53 -100 -8 29 -72 98 11 -66 98 -8 -43 -66 -53 -34 
66 14 -97 -17 39 4 -73 -39 88 37 84 38 55 66 29 -50 -24 -64 -52 -14 37 84 24 -23 72 -9 0 24 -66 46 -21 92 -57 14 -95 80 -53 100 64 10 -44 -94 92 -39 -39 29 87 15 -47 72 47 -93 -50 -48 51 -64 72 -1 -23 87 -31 49 95 -87 -4 -40 -80 -39 80 96 -47 70 15 -8 65 25 11 -70 24 35 0 11 -100 24 -56 -73 88 80 -61 62 65 83 57 9 -50 9 67 85 40 -63 
50 6 40 31 -28 24 -15 22 -36 -23 59 92 -23 27 -3 -36 44 46 3 -82 -41 42 65 97 5 -34 62 -36 53 -75 -6 11 -60 -84 -64 -93 -77 -55 58 51 -80 48 -39 73 12 -24 57 15 -89 -11 68 -23 -93 -83 42 8 -42 19 27 77 98 97 31 -73 -29 94 -64 70 57 -2 4 36 -15 -12 83 -27 36 -14 71 -80 49 -41 29 83 96 6 -100 64 86 44 -85 40 44 -80 45 -39 -48 -72 -72 -94 
-91 82 -36 -76 71 22 -3 34 31 47 -18 38 -2 57 -46 2 55 -93 71 34 -66 13 -34 -55 79 55 -43 -74 52 44 -31 6 68 35 30 29 -89 -7 5 99 -15 12 55 80 14 -29 -87 -94 -95 37 -14 95 -93 2 88 78 52 -78 86 72 -26 98 -54 79 10 21 -98 68 45 12 9 -81 100 9 24 61 89 -8 65 0 -27 78 -64 97 52 -41 54 75 -48 -6 63 27 -52 32 17 -33 42 -7 15 41 
56 58 -24 72 27 -78 32 -5 -91 -72 82 -89 98 95 58 -60 42 52 29 100 -37 74 -79 -67 -10 90 35 -20 90 -31 -45 -82 56 -99 69 -96 -32 -96 27 -54 -53 -54 -22 -67 -7 41 45 67 46 47 -14 -92 -78 -28 22 -93 4 60 58 59 0 -47 -25 94 44 -70 45 -46 -87 -92 17 39 -80 -44 22 61 1 -7 98 78 74 23 -35 -48 27 42 -9 57 89 15 -29 86 -50 -52 76 -29 68 -39 -52 -81 
94 27 -33 38 -14 90 -62 9 -41 -44 -13 0 -64 42 -33 -45 11 88 -32 -88 -76 91 -89 60 -67 3 -75 47 -8 -78 16 40 -67 68 49 -3 78 52 -20 -26 -71 -20 15 5 -95 -96 81 82 8 5 34 25 -42 40 78 -14 -15 -17 35 99 55 50 80 64 19 87 3 -60 -21 9 -26 9 -31 -27 -90 -91 38 -61 -94 79 -17 20 66 -38 42 -13 58 -5 -46 -10 65 49 64 74 -75 17 100 -8 -84 -82 
-28 -74 -92 -35 -39 86 68 63 -45 -72 97 33 63 38 -99 -15 -82 -82 -16 66 -58 -48 -10 -53 -98 42 48 -21 47 29 -41 -10 83 -51 -16 32 -75 -81 -32 10 -100 52 22 -69 -94 55 -47 -23 -45 -64 95 69 -64 16 46 43 -42 -72 -44 2 -55 -69 -82 15 -16 -77 -21 36 -80 71 55 -68 73 -16 -58 77 76 -75 55 51 8 -16 -23 -40 -57 40 -85 40 -67 -42 9 19 -45 -14 -38 -16 -20 2 39 -5 
84 95 -87 6 51 -35 58 -93 -85 91 49 -36 -31 -30 -80 -64 42 70 -6 -66 -80 40 79 -72 -10 51 81 -22 -73 -64 25 83 -57 13 -33 -91 -56 -35 29 -98 89 83 -23 3 98 -36 27 -22 68 -58 24 -24 79 -59 -31 66 0 56 -85 51 72 -66 86 -30 -63 48 -37 84 88 -43 -75 32 -88 -51 -16 -41 -32 -84 -89 -29 88 52 -23 -51 53 -20 -21 69 -55 -27 61 -70 31 24 -84 -54 98 93 -21 -60 
-90 19 30 -30 3 -10 48 55 86 -90 -67 81 -4 23 40 -4 -22 -35 17 94 40 -14 -56 7 17 11 57 58 0 81 -57 -33 48 84 -70 -54 -30 74 70 -4 -2 13 -73 -87 32 -33 -55 97 -61 92 13 22 -59 73 -17 -68 -43 -37 88 -51 -7 32 8 55 -62 85 54 68 90 -13 20 -73 49 84 -23 -13 94 80 -97 33 -50 4 6 89 90 -52 -11 5 56 31 -96 71 -73 -33 -93 19 61 23 -29 18 
-51 -62 59 -91 47 67 35 69 87 -4 -91 39 42 -33 51 80 -83 46 59 -86 84 42 43 90 -63 5 38 -83 62 0 58 9 97 80 -9 62 71 22 40 -5 91 26 -78 -77 46 -91 -11 1 43 37 -7 -14 84 -56 -71 -26 -22 2 -20 34 85 77 92 55 55 -16 16 -67 78 46 16 -48 19 -21 60 83 56 95 -32 64 74 46 21 -100 -95 20 -20 32 -45 65 45 19 -54 9 -100 -13 -11 51 -18 32 
-87 64 -57 -35 -34 62 88 86 23 -50 88 -61 35 55 -89 58 -1 58 37 35 31 4 70 32 61 -1 -89 -43 58 15 0 -10 8 -10 -55 -28 -85 3 -37 45 -13 -78 4 -37 -77 2 22 10 91 74 -69 73 -79 -6 -36 95 67 46 93 43 -17 81 9 11 -98 -54 -47 43 39 100 -1 -22 17 66 -54 14 74 -71 56 -40 79 66 32 8 -73 91 -21 68 -18 85 -25 84 39 97 -60 35 -22 83 56 3 
36 -52 -64 70 58 -46 -77 70 10 -23 26 -2 17 15 -6 72 -79 -42 95 74 -12 74 46 -61 -48 74 -35 53 57 65 6 89 98 37 66 70 -37 30 -12 69 58 -19 67 50 -50 77 58 30 -45 -73 12 8 -24 -2 -5 5 -89 -51 36 -19 -93 -86 -94 64 -70 -2 1 38 81 94 -24 97 -26 -56 73 -3 26 -36 -85 12 -73 39 -14 -68 38 -3 26 90 65 -29 53 -45 29 -50 2 98 -38 13 93 -38 
71 -72 -90 -76 36 82 37 99 11 -45 3 76 41 90 -81 -57 -13 -54 77 26 -58 15 35 46 -30 -12 -79 94 64 69 41 8 -61 -23 -80 -31 -86 78 -4 -23 16 79 -16 -42 -81 91 -25 17 -6 -2 98 42 0 61 82 -70 -45 0 -93 82 -96 -86 -70 23 53 -81 48 -37 -39 80 -74 56 25 76 4 85 -15 -13 -48 6 -62 -7 75 -44 59 33 -35 69 -82 36 72 25 7 21 -84 -91 31 -23 80 -11 
-38 -33 49 97 -20 71 59 34 59 12 29 30 5 -98 17 11 13 46 -86 -63 -9 23 -35 -47 76 -16 49 53 -71 2 53 20 28 -21 -39 -3 -62 -62 37 -26 -99 -29 75 -19 -59 85 79 75 85 -30 -89 64 73 -45 -55 -79 13 -11 -6 -23 -35 -84 -56 37 -35 -41 -26 -83 -13 8 -97 75 -51 29 26 -56 69 64 -55 -68 -82 -19 -64 33 84 -37 -4 -9 -62 -72 95 -21 -82 52 4 -74 -85 23 -79 96 
25 85 24 -100 -40 -93 81 55 -83 -67 77 -47 46 -28 -8 69 -35 -72 -57 66 35 -50 60 -29 92 -64 1 78 -77 -83 45 38 69 -46 -83 25 36 -93 82 -13 -90 39 -12 -65 -48 34 -12 46 -73 -46 49 45 53 -80 -86 -52 -71 -18 -22 10 24 -11 -97 -94 16 69 -75 11 58 -27 -16 -86 -82 -16 13 23 85 -7 26 17 -21 50 33 -41 14 12 -14 -53 -65 -62 -59 78 94 -25 94 99 -11 88 91 -64 
19 -4 -72 35 20 66 -50 -9 -67 86 41 -22 56 -76 42 47 71 -68 -88 -89 -25 42 -62 8 16 10 62 -57 -52 90 -6 -81 19 -10 -64 -48 -89 46 -40 -38 90 -40 -51 -25 95 6 53 65 -63 34 -21 -61 -41 -32 70 -67 -94 -60 90 -38 -73 -3 -51 42 77 -99 -56 -3 16 89 -51 19 86 -42 20 51 -64 28 -93 -33 -61 37 25 40 -49 1 73 -34 42 -31 93 -25 -95 -3 26 99 2 63 -32 -82 
-96 -55 41 -33 71 12 41 -19 -84 48 11 28 88 -51 -2 16 -37 -69 32 -77 -85 89 -30 -33 -64 -56 9 5 22 34 80 35 57 -76 -84 -85 -93 -27 -79 81 58 -55 24 56 19 21 1 4 47 -92 -29 87 32 84 -30 20 63 61 95 -23 -82 -30 80 68 -87 -54 -77 96 -94 -89 65 -22 -80 29 94 55 -75 55 -96 97 -66 -78 71 -81 -3 54 98 -5 88 38 -48 -58 75 -47 45 19 -12 -51 74 -84 
-62 -17 12 -62 -63 -30 1 -14 -44 -25 -83 -81 90 -25 17 77 44 -14 -72 41 -16 21 39 -33 28 -94 -18 50 87 -55 -3 -41 31 67 61 84 -82 35 89 17 -43 -88 -14 -31 97 26 -4 -19 28 89 41 93 63 -43 -20 42 90 33 -23 15 -80 -59 -21 72 -60 51 -28 -45 -17 14 -45 -77 -31 -4 -10 8 -15 48 -55 -65 -74 88 -19 -5 -35 -84 -88 85 -63 -15 -79 -13 55 25 -7 -77 56 -81 -75 -98 
-64 -76 -62 -22 4 -52 7 -74 72 10 47 91 -20 9 15 -89 37 -44 -74 -47 -9 84 -48 -43 -53 51 -82 -78 49 -33 41 -23 -39 -89 59 -29 -32 -79 56 25 -47 8 -70 -27 -63 17 71 -81 32 -81 8 -29 -62 -98 5 -30 95 -58 -5 49 28 -73 70 73 -43 11 -13 -23 -27 3 33 -12 -21 54 -14 -46 -12 48 -33 -67 -84 24 32 60 27 28 66 -85 -95 -8 -84 -33 7 81 65 -97 -52 45 -71 2 
-66 -25 12 -21 5 -35 -91 -76 -16 -26 73 -25 37 -84 -7 -59 45 -79 42 -81 -72 31 23 96 -74 94 -4 92 39 42 -4 34 52 22 63 13 13 -77 60 26 75 29 45 37 88 -77 32 39 -69 40 43 13 -8 89 82 -33 28 99 -38 -34 -17 83 -21 7 20 -19 -7 6 -74 71 -74 -78 -1 7 86 6 23 -12 47 -7 -70 -31 -57 -1 -75 -2 12 -43 98 16 92 4 -19 -25 44 92 -41 87 82 67 
-13 87 36 42 -88 50 17 18 -68 -70 -65 51 -36 -90 -47 45 -38 45 8 -33 100 14 83 -75 1 72 -74 60 -31 26 96 -22 52 -39 50 -20 -98 -24 49 13 33 -81 -62 -79 29 29 40 9 37 -37 -66 86 -90 77 20 75 -38 19 66 69 -48 -99 -74 90 -9 67 41 61 -37 -75 74 -23 -22 -75 -10 8 75 -50 -17 -60 19 -22 50 46 -96 -56 87 90 -36 30 93 86 18 4 -74 -80 -78 66 -23 73 
84 55 22 19 -62 -88 -86 76 -13 -35 -39 -29 13 65 -50 55 -53 37 -98 83 -49 45 27 -83 -11 37 -8 34 -84 -70 -19 -10 81 95 29 -49 60 -73 70 -32 -36 48 62 -96 69 -88 73 69 -90 4 83 0 -3 71 0 -78 -7 -13 -13 34 54 -4 -51 -3 16 95 20 74 -68 -63 78 -23 -43 73 73 -86 -49 28 32 45 -17 9 7 78 40 -6 -49 -15 -99 -59 -20 -3 12 -13 -13 -6 -39 -91 -34 -84 
42 45 79 -19 -48 -43 62 50 91 37 -98 39 99 38 30 -44 -29 34 -50 23 -27 68 -48 16 -47 -86 85 54 -31 -85 93 4 53 -7 -80 -56 1 65 -86 5 65 -8 35 -49 -80 7 -65 -41 -64 -16 -48 -17 10 -90 63 46 90 -40 -17 26 46 9 99 30 90 32 -8 38 58 18 -26 -24 97 77 -87 8 -47 47 42 -68 -56 33 -44 -14 -21 11 -41 -40 39 -34 59 24 13 -71 74 48 -78 -55 -53 44 
